#
# Time from: Thu Feb  2 02:54:58 2017
# To convert to astronomical time since 1/1/1970 add 1486022098 seconds.
#
# time LaserCaseTAct GreenPdLvlFlt GreenPdLvlAct TecH1SetTemp TecH1ActTemp TecH2SetTemp TecH2ActTemp
#
0.000097 42.017 29.9283 30.4776 13.2494 13.2507 8.49959 8.49703
0.000172 42.017 29.9039 29.939 7.24944 13.2481 8.49959 8.49959
0.000239 42.017 29.9314 30.3062 7.24944 13.179 8.49959 8.49959
0.000305 42.017 30.0048 30.1104 7.24944 13.0178 8.49959 8.49959
0.000372 42.017 29.9237 29.8411 7.24944 12.8323 8.49959 8.50087
0.000438 42.017 29.8901 29.5718 7.24944 12.6378 8.49959 8.49959
0.000504 42.017 29.8947 29.9146 7.24944 12.4625 8.49959 8.49959
0.000571 42.0409 29.9788 30.3797 7.24944 12.2961 8.49959 8.50087
0.000637 42.017 29.8885 29.4494 7.24944 12.1426 8.49959 8.50087
0.000703 42.017 29.8564 29.6453 7.24944 12.0069 8.49959 8.49959
0.000771 42.0409 29.8977 29.4005 7.24944 11.8738 8.49959 8.50215
0.000839 42.0409 29.8319 29.6453 7.24944 11.7587 8.49959 8.49831
0.000905 42.0409 29.8947 29.7432 7.24944 11.6474 8.49959 8.50087
0.000971 42.0409 29.8396 29.7187 7.24944 11.545 8.49959 8.49959
0.001038 42.017 29.8319 29.3515 7.24944 11.4529 8.49959 8.50215
0.001103 42.0409 29.7539 29.425 7.24944 11.3646 8.49959 8.50087
0.001171 42.0409 29.7998 30.3552 7.24944 11.2814 8.49959 8.49831
0.001239 42.0409 29.7539 29.6698 7.24944 11.2008 8.49959 8.49959
0.001305 42.0409 29.757 29.4005 7.24944 11.1304 8.49959 8.50087
0.001373 42.0409 29.7463 29.6942 7.24944 11.06 8.49959 8.50215
0.001440 42.0409 29.682 29.7677 7.24944 10.9909 8.49959 8.49959
0.001506 42.0409 29.6376 29.6453 7.24944 10.9321 8.49959 8.50087
0.001573 42.0409 29.6713 28.8864 7.24944 10.8719 8.49959 8.50215
0.001639 42.0409 29.604 29.7677 7.24944 10.8169 8.49959 8.50087
0.001707 42.0409 29.5795 29.1802 7.24944 10.7632 8.49959 8.50087
0.001775 42.0409 29.5443 29.4005 7.24944 10.7069 8.49959 8.50087
0.001841 42.0409 29.552 29.6208 7.24944 10.6544 8.49959 8.50215
0.001907 42.0409 29.5183 29.5229 7.24944 10.6109 8.49959 8.49959
0.001973 42.0409 29.4326 29.5229 7.24944 10.5623 8.49959 8.50215
0.002040 42.0409 29.4846 29.6698 7.24944 10.5175 8.49959 8.50087
0.002106 42.0409 29.3729 29.7187 7.24944 10.4727 8.49959 8.50343
0.002172 42.0649 29.4005 29.2291 7.24944 10.4305 8.49959 8.50343
0.002238 42.0409 29.2919 28.9843 7.24944 10.3895 8.49959 8.50343
0.002306 42.0409 29.249 29.4005 7.24944 10.3499 8.49959 8.50343
0.002373 42.0409 29.2169 29.0578 7.24944 10.3089 8.49959 8.50599
0.002440 42.0409 29.1832 29.3515 7.24944 10.2692 8.49959 8.50727
0.002507 42.0649 29.2031 28.9354 7.24944 10.2309 8.49959 8.50727
0.002576 42.0649 29.1205 29.1067 7.24944 10.1912 8.49959 8.50727
0.002641 42.0649 29.0562 29.2536 7.24944 10.1541 8.49959 8.50854
0.002711 42.0649 29.0057 28.7395 7.24944 10.1183 8.49959 8.50854
0.002776 42.0649 28.9323 28.9354 7.24944 10.085 8.49959 8.50854
0.002842 42.0649 28.9093 28.715 7.24944 10.0492 8.49959 8.50982
0.002908 42.0649 28.8405 29.0578 7.24944 10.0146 8.49959 8.5111
0.002974 42.0649 28.7609 28.8619 7.24944 9.98134 8.49959 8.51366
0.003042 42.0649 28.7854 29.0333 7.24944 9.94935 8.49959 8.51366
0.003107 42.0649 28.7579 28.6171 7.24944 9.91992 8.49959 8.51366
0.003174 42.0649 28.6829 28.3723 7.24944 9.88665 8.49959 8.51494
0.003240 42.0649 28.6646 28.7885 7.24944 9.85211 8.49959 8.51878
0.003306 42.0649 28.5743 29.425 7.24944 9.82268 8.49959 8.5175
0.003372 42.0649 28.5223 28.5437 7.24944 9.79452 8.49959 8.52006
0.003440 42.0649 28.4687 28.764 7.24944 9.76253 8.49959 8.52006
0.003505 42.0649 28.4917 28.5682 7.24944 9.73311 8.49959 8.52262
0.003576 42.0649 28.4626 27.4176 7.24944 9.69856 8.49959 8.52518
0.003644 42.0649 28.3035 28.152 7.24944 9.67296 8.49959 8.5239
0.003716 42.0649 28.2025 28.0296 7.24944 9.64225 8.49959 8.52774
0.003783 42.0649 28.23 27.8338 7.24944 9.6141 8.49959 8.52774
0.003848 42.0649 28.1413 27.9806 7.24944 9.58467 8.49959 8.52902
0.003916 42.0888 28.1749 28.103 7.24944 9.55652 8.49959 8.5303
0.003984 42.0649 28.1107 27.7114 7.24944 9.52837 8.49959 8.53158
0.004050 42.0888 28.0036 28.201 7.24944 9.5015 8.49959 8.53158
0.004117 42.0888 27.9699 27.54 7.24944 9.47463 8.49959 8.53286
0.004184 42.0649 27.8827 27.9806 7.24944 9.44648 8.49959 8.53542
0.004250 42.0649 27.9225 27.54 7.24944 9.42089 8.49959 8.53669
0.004316 42.0888 27.9011 27.589 7.24944 9.3953 8.49959 8.53797
0.004381 42.0888 27.7695 27.589 7.24944 9.37098 8.49959 8.53669
0.004449 42.0888 27.6808 28.1765 7.24944 9.34411 8.49959 8.54053
0.004516 42.0888 27.6364 27.5155 7.24944 9.31852 8.49959 8.54437
0.004582 42.0888 27.5813 27.0014 7.24944 9.29421 8.49959 8.54565
0.004648 42.0888 27.5461 27.2707 7.24944 9.2699 8.49959 8.54565
0.004715 42.0888 27.5538 27.4421 7.24944 9.24431 8.49959 8.54693
0.004781 42.0888 27.4543 27.3686 7.24944 9.22383 8.49959 8.54693
0.004848 42.0888 27.3732 27.4176 7.24944 9.1944 8.49959 8.54821
0.004914 42.0888 27.3656 27.3686 7.24944 9.17521 8.49959 8.55077
0.004980 42.1128 27.3289 27.2218 7.24944 9.1509 8.49959 8.55205
0.005046 42.0888 27.2646 27.1483 7.24944 9.12914 8.49959 8.55333
0.005114 42.0888 27.2478 27.2952 7.24944 9.10483 8.49959 8.55589
0.005181 42.0888 27.208 27.1728 7.24944 9.0818 8.49959 8.55717
0.005248 42.0888 27.2034 27.0994 7.24944 9.06132 8.49959 8.55973
0.005314 42.0888 27.0994 27.3442 7.24944 9.03445 8.49959 8.55973
0.005380 42.1128 27.1361 27.1728 7.24944 9.01398 8.49959 8.56229
0.005449 42.0888 27.0045 27.0994 7.24944 8.99351 8.49959 8.56229
0.005515 42.0888 26.9433 26.8301 7.24944 8.97047 8.49959 8.56357
0.005581 42.0888 26.9204 27.491 7.24944 8.95 8.49959 8.56869
0.005658 42.1128 26.8729 26.7811 7.24944 8.92441 8.49959 8.56741
0.005724 42.1128 26.827 27.1728 7.24944 8.90394 8.49959 8.56996
0.005790 42.0888 26.7521 26.6587 7.24944 8.88346 8.49959 8.57124
0.005857 42.0888 26.7107 26.3894 7.24944 8.86171 8.49959 8.57252
0.005924 42.1128 26.7429 26.4629 7.24944 8.83996 8.49959 8.56996
0.005991 42.0888 26.6388 26.5608 7.24944 8.82076 8.49959 8.56996
0.006059 42.0888 26.6297 26.3405 7.24944 8.79901 8.49959 8.56869
0.006126 42.1128 26.5577 26.4629 7.24944 8.77982 8.49959 8.56996
0.006192 42.1128 26.5027 26.2426 7.24944 8.76062 8.49959 8.56741
0.006259 42.1128 26.4843 26.316 7.24944 8.74015 8.49959 8.56869
0.006326 42.0888 26.4506 25.8754 7.24944 8.71968 8.49959 8.56869
0.006392 42.0888 26.3894 26.3894 7.24944 8.70176 8.49959 8.56869
0.006463 42.1128 26.3389 26.1446 7.24944 8.68257 8.49959 8.56869
0.006529 42.1128 26.2976 26.2181 7.24944 8.66081 8.49959 8.56996
0.006597 42.1128 26.2885 26.5363 7.24944 8.64162 8.49959 8.56613
0.006664 42.1128 26.3588 25.9488 7.24944 8.62243 8.49959 8.56613
0.006731 42.1128 26.2732 26.5118 7.24944 8.60707 8.49959 8.56613
0.006799 42.1128 26.2273 26.0222 7.24944 8.58788 8.49959 8.56741
0.006866 42.1128 26.1094 26.1936 7.24944 8.57124 8.49959 8.56613
0.006933 42.1128 26.1309 26.0712 7.24944 8.55077 8.49959 8.56741
0.006999 42.1367 26.0926 26.1446 7.24944 8.53542 8.49959 8.56741
0.007067 42.1128 26.0574 25.704 7.24944 8.51622 8.49959 8.56613
0.007133 42.1367 26.0574 25.9978 7.24944 8.49831 8.49959 8.56613
0.007201 42.1128 25.9656 25.6795 7.24944 8.48423 8.49959 8.56869
0.007267 42.1367 25.9763 25.6061 7.24944 8.46632 8.49959 8.56485
0.007333 42.1367 25.8631 26.1691 7.24944 8.45096 8.49959 8.56485
0.007401 42.1367 25.8417 25.4102 7.24944 8.43177 8.49959 8.56613
0.007468 42.1367 25.8662 25.9243 7.24944 8.41258 8.49959 8.56485
0.007534 42.1367 25.8616 25.6306 7.24944 8.3985 8.49959 8.56485
0.007601 42.1367 25.8279 25.8754 7.24944 8.37931 8.49959 8.56613
0.007667 42.1367 25.8203 25.9488 7.24944 8.36395 8.49959 8.56869
0.007734 42.1367 25.756 25.655 7.24944 8.34732 8.49959 8.56741
0.007801 42.1367 25.7759 25.7774 7.24944 8.33196 8.49959 8.56741
0.007868 42.1367 25.7254 25.6061 7.24944 8.31917 8.49959 8.56741
0.007935 42.1367 25.7606 25.704 7.24944 8.30253 8.49959 8.56869
0.008003 42.1367 25.6581 25.4347 7.24944 8.28718 8.49959 8.56869
0.008070 42.1367 25.6627 25.0675 7.24944 8.27054 8.49959 8.56741
0.008137 42.1367 25.6091 26.4384 7.24944 8.25391 8.49959 8.56741
0.008204 42.1367 25.525 25.5326 7.24944 8.23855 8.49959 8.56869
0.008271 42.1367 25.6229 25.2144 7.24944 8.22448 8.49959 8.56869
0.008338 42.1367 25.5036 25.5571 7.24944 8.2104 8.49959 8.56613
0.008406 42.1367 25.5694 25.2878 7.24944 8.19761 8.49959 8.56741
0.008476 42.1367 25.4347 25.5082 7.24944 8.18097 8.49959 8.56869
0.008551 42.1367 25.4225 25.5816 7.34924 8.16562 8.49959 8.56869
0.008617 42.1367 25.4439 25.1899 7.34924 8.15154 8.49959 8.56869
0.008684 42.1367 25.3888 25.6061 7.34924 8.14002 8.49959 8.56996
0.008751 42.1367 25.3368 25.2144 7.34924 8.12851 8.49959 8.56869
0.008818 42.1367 25.3184 24.9696 7.34924 8.12083 8.49959 8.56869
0.008893 42.1367 25.294 25.3368 7.44905 8.10932 8.49959 8.56996
0.008961 42.1367 25.2771 25.141 7.44905 8.0978 8.49959 8.56996
0.009027 42.1367 25.3123 25.753 7.44905 8.09012 8.49959 8.56869
0.009095 42.1367 25.3001 25.4837 7.44905 8.08116 8.49959 8.57124
0.009162 42.1367 25.2068 25.092 7.44905 8.07221 8.49959 8.56996
0.009238 42.1367 25.193 25.2144 7.54886 8.06197 8.49959 8.56996
0.009305 42.1367 25.1012 25.1165 7.54886 8.05429 8.49959 8.57124
0.009372 42.1607 25.0813 25.043 7.54886 8.04662 8.49959 8.57124
0.009441 42.1367 25.1547 24.5534 7.54886 8.04022 8.49959 8.56996
0.009516 42.1367 25.0629 25.1654 7.64994 8.0351 8.49959 8.57124
0.009583 42.1367 25.0476 25.0675 7.64994 8.0287 8.49959 8.56996
0.009650 42.1367 25.1624 25.0186 7.64994 8.02742 8.49959 8.57252
0.009719 42.1607 25.144 25.141 7.64994 8.0223 8.49959 8.57124
0.009794 42.1367 25.0308 25.0675 7.74975 8.01718 8.49959 8.57252
0.009862 42.1367 25.014 25.0675 7.74975 8.01463 8.49959 8.57252
0.009929 42.1367 25.0094 24.7982 7.74975 8.01207 8.49959 8.57124
0.009997 42.1607 24.9834 24.7003 7.74975 8.00823 8.49959 8.57252
0.010073 42.1607 24.9849 24.8472 7.84956 8.00567 8.49959 8.57124
0.010141 42.1607 24.9849 24.431 7.84956 8.00439 8.49959 8.57124
0.010209 42.1607 24.8992 25.0675 7.84956 8.00567 8.49959 8.57124
0.010277 42.1367 24.9375 24.5779 7.84956 8.00567 8.49959 8.57124
0.010351 42.1607 24.8503 24.8227 7.94937 8.00695 8.49959 8.57252
0.010421 42.1607 24.8549 24.6514 7.94937 8.00695 8.49959 8.57124
0.010489 42.1607 24.9007 24.9696 7.94937 8.00567 8.49959 8.57252
0.010556 42.1607 24.89 24.8227 7.94937 8.00823 8.49959 8.57252
0.010634 42.1607 24.8701 24.7738 8.04917 8.00695 8.49959 8.57252
0.010701 42.1607 24.8044 24.48 8.04917 8.00823 8.49959 8.57124
0.010769 42.1367 24.8181 24.6514 8.04917 8.00695 8.49959 8.57252
0.010838 42.1607 24.8105 24.3821 8.04917 8.00951 8.49959 8.57124
0.010913 42.1367 24.8747 24.6758 8.14898 8.01079 8.49959 8.57252
0.010981 42.1607 24.861 24.6514 8.14898 8.01335 8.49959 8.5738
0.011049 42.1607 24.8181 24.6269 8.14898 8.01463 8.49959 8.57252
0.011117 42.1846 24.7967 24.6514 8.14898 8.01591 8.49959 8.57252
0.011193 42.1607 24.8686 24.2842 8.24879 8.01718 8.49959 8.57124
0.011263 42.1607 24.7646 24.8717 8.24879 8.01975 8.49959 8.57252
0.011331 42.1607 24.76 24.7493 8.24879 8.0223 8.49959 8.57252
0.011402 42.1607 24.8334 24.7003 8.24879 8.02614 8.49959 8.57252
0.011479 42.1607 24.7401 24.8227 8.34988 8.02614 8.49959 8.57252
0.011548 42.1607 24.8594 24.5045 8.34988 8.03126 8.49959 8.57252
0.011617 42.1607 24.7646 24.4555 8.34988 8.03766 8.49959 8.5738
0.011684 42.1607 24.7707 24.2597 8.34988 8.04406 8.49959 8.57124
0.011760 42.1846 24.734 24.7493 8.44968 8.05045 8.49959 8.57124
0.011828 42.1846 24.8135 24.8227 8.44968 8.05813 8.49959 8.56996
0.011897 42.1846 24.7309 24.9696 8.44968 8.06453 8.49959 8.57124
0.011966 42.1607 24.7585 24.6758 8.44968 8.07349 8.49959 8.56996
0.012041 42.1846 24.7233 24.5534 8.54949 8.07989 8.49959 8.57252
0.012109 42.1607 24.7432 24.9206 8.54949 8.08756 8.49959 8.56996
0.012178 42.1607 24.6881 24.7003 8.54949 8.0914 8.49959 8.57124
0.012247 42.1607 24.7829 24.3331 8.54949 8.10036 8.49959 8.57124
0.012325 42.1846 24.7003 24.7982 8.6493 8.10676 8.49959 8.56996
0.012392 42.1607 24.7217 25.092 8.6493 8.11571 8.49959 8.57124
0.012460 42.1846 24.7233 24.2597 8.6493 8.12339 8.49959 8.56996
0.012529 42.1846 24.6529 25.4347 8.6493 8.13107 8.49959 8.56996
0.012604 42.1846 24.7248 24.5779 8.74911 8.14002 8.49959 8.56996
0.012675 42.1846 24.7019 24.6269 8.74911 8.1477 8.49959 8.56869
0.012748 42.1846 24.7585 24.9696 8.74911 8.15794 8.49959 8.56869
0.012823 42.1846 24.7279 24.6514 8.74911 8.1669 8.49959 8.56613
0.012898 42.1846 24.8135 24.5534 8.84891 8.17585 8.49959 8.56869
0.012966 42.1846 24.656 24.1862 8.84891 8.18225 8.49959 8.56741
0.013034 42.1846 24.7233 24.6024 8.84891 8.19249 8.49959 8.56613
0.013105 42.1846 24.659 24.4066 8.84891 8.20017 8.49959 8.56741
0.013182 42.1846 24.7722 24.8227 8.95 8.20912 8.49959 8.56485
0.013251 42.1846 24.6774 24.3821 8.95 8.22064 8.49959 8.56613
0.013319 42.1846 24.7172 24.5534 8.95 8.2296 8.49959 8.56485
0.013389 42.1846 24.8044 24.6514 8.95 8.23983 8.49959 8.56485
0.013467 42.1846 24.7829 24.6758 9.04981 8.24879 8.49959 8.56485
0.013537 42.2086 24.7187 24.5779 9.04981 8.25775 8.49959 8.56357
0.013605 42.1846 24.7156 24.3821 9.04981 8.27054 8.49959 8.56229
0.013673 42.1846 24.734 24.5779 9.04981 8.28334 8.49959 8.56357
0.013751 42.1846 24.7416 25.0186 9.14962 8.29229 8.49959 8.56229
0.013822 42.2086 24.7875 24.4555 9.14962 8.30125 8.49959 8.56101
0.013890 42.1846 24.7753 24.431 9.14962 8.31149 8.49959 8.56229
0.013959 42.2086 24.7539 24.7738 9.14962 8.32556 8.49959 8.55973
0.014034 42.1846 24.7263 24.2842 9.24942 8.33196 8.49959 8.55845
0.014102 42.1846 24.7416 24.5534 9.24942 8.34476 8.49959 8.56229
0.014170 42.1846 24.7875 24.8472 9.24942 8.35244 8.49959 8.55845
0.014240 42.1846 24.7462 24.48 9.24942 8.36651 8.49959 8.55845
0.014318 42.2086 24.7462 24.6758 9.34923 8.37675 8.49959 8.55845
0.014387 42.2086 24.8089 24.6024 9.34923 8.38826 8.49959 8.55717
0.014457 42.1846 24.8089 25.3123 9.34923 8.40234 8.49959 8.55717
0.014526 42.1846 24.7952 24.6269 9.34923 8.41386 8.49959 8.55589
0.014605 42.2086 24.7233 24.3331 9.44904 8.42793 8.49959 8.55717
0.014674 42.1846 24.8258 24.48 9.44904 8.43945 8.49959 8.55589
0.014741 42.2086 24.7814 24.7738 9.44904 8.45224 8.49959 8.55333
0.014811 42.2086 24.8044 24.5779 9.44904 8.46504 8.49959 8.55461
0.014886 42.2086 24.8044 25.141 9.54884 8.48295 8.49959 8.55333
0.014955 42.2086 24.7875 24.6514 9.54884 8.49703 8.49959 8.55333
0.015023 42.2086 24.8304 24.7003 9.54884 8.50982 8.49959 8.55205
0.015091 42.2086 24.7753 24.6269 9.54884 8.52518 8.49959 8.55077
0.015167 42.1846 24.7845 24.5779 9.64993 8.54053 8.49959 8.54949
0.015235 42.1846 24.8197 24.4555 9.64993 8.55461 8.49959 8.54949
0.015304 42.2086 24.7982 24.6514 9.64993 8.56996 8.49959 8.55077
0.015372 42.2086 24.8518 24.48 9.64993 8.58532 8.49959 8.54949
0.015448 42.1846 24.8197 24.6758 9.74974 8.60451 8.49959 8.54565
0.015517 42.2086 24.7875 24.529 9.74974 8.61731 8.49959 8.54693
0.015586 42.2086 24.8013 24.529 9.74974 8.63394 8.49959 8.54693
0.015655 42.2086 24.7998 24.4555 9.74974 8.65442 8.49959 8.54693
0.015733 42.2086 24.8089 24.9941 9.84955 8.66849 8.49959 8.54181
0.015801 42.2086 24.8212 24.7738 9.84955 8.68385 8.49959 8.54181
0.015870 42.2325 24.8854 24.2597 9.84955 8.69792 8.49959 8.54437
0.015937 42.2086 24.8946 25.1899 9.84955 8.71328 8.49959 8.54181
0.016014 42.2086 24.7967 25.6306 9.94935 8.73375 8.49959 8.54053
0.016084 42.2086 24.8839 24.6514 9.94935 8.74783 8.49959 8.53926
0.016155 42.2086 24.8732 24.6514 9.94935 8.76318 8.49959 8.53926
0.016223 42.2086 24.8916 24.6758 9.94935 8.77982 8.49959 8.53926
0.016299 42.2086 24.887 24.5534 10.0492 8.79773 8.49959 8.53926
0.016367 42.2086 24.9053 24.9451 10.0492 8.81692 8.49959 8.53542
0.016436 42.2086 24.9574 24.9941 10.0492 8.831 8.49959 8.53542
0.016504 42.2086 24.913 25.2144 10.0492 8.84763 8.49959 8.53542
0.016581 42.2086 24.9176 24.8227 10.149 8.86939 8.49959 8.53669
0.016649 42.2325 24.8977 24.7493 10.149 8.8873 8.49959 8.53286
0.016717 42.2325 24.9849 24.8472 10.149 8.90522 8.49959 8.53286
0.016786 42.2086 25.0079 24.9451 10.149 8.92569 8.49959 8.5303
0.016861 42.2086 24.9421 24.7738 10.2488 8.94232 8.49959 8.52902
0.016930 42.2086 24.9329 24.8472 10.2488 8.96024 8.49959 8.52774
0.016998 42.2325 25.0033 24.5779 10.2488 8.97687 8.49959 8.52774
0.017067 42.2325 24.9987 24.8962 10.2488 8.99223 8.49959 8.52902
0.017143 42.2086 24.9436 24.9696 10.3499 9.01142 8.49959 8.52646
0.017211 42.2325 24.9818 24.3086 10.3499 9.02933 8.49959 8.52646
0.017281 42.2325 25.0262 25.1899 10.3499 9.04853 8.49959 8.52646
0.017348 42.2086 24.9926 24.0883 10.3499 9.06772 8.49959 8.5239
0.017423 42.2325 25.0247 24.7982 10.4497 9.08692 8.49959 8.52134
0.017491 42.2325 25.0691 24.9696 10.4497 9.10739 8.49959 8.52262
0.017561 42.2325 25.1287 25.5082 10.4497 9.12786 8.49959 8.52134
0.017629 42.2325 25.1654 25.3613 10.4497 9.14706 8.49959 8.51878
0.017704 42.2325 25.0752 24.9206 10.5495 9.16881 8.49959 8.5175
0.017771 42.2086 25.0966 24.9451 10.5495 9.18544 8.49959 8.51622
0.017839 42.2325 25.1042 25.0186 10.5495 9.2072 8.49959 8.5175
0.017906 42.2325 25.1777 24.5045 10.5495 9.22639 8.49959 8.51494
0.017974 42.2325 25.1609 25.3858 10.5495 9.24302 8.49959 8.51366
0.018051 42.2325 25.1685 25.1654 10.6493 9.2635 8.49959 8.51494
0.018121 42.2325 25.2909 25.3613 10.6493 9.28141 8.49959 8.51238
0.018188 42.2325 25.2159 25.3123 10.6493 9.30572 8.49959 8.5111
0.018256 42.2325 25.2389 25.4837 10.6493 9.32364 8.49959 8.50982
0.018331 42.2325 25.2741 25.092 10.7491 9.34155 8.49959 8.50982
0.018401 42.2325 25.2802 25.2389 10.7491 9.36458 8.49959 8.50982
0.018469 42.2325 25.2511 25.4592 10.7491 9.38762 8.49959 8.50982
0.018537 42.2325 25.4011 25.6061 10.7491 9.40937 8.49959 8.50854
0.018612 42.2325 25.3858 25.4102 10.8489 9.42856 8.49959 8.50727
0.018681 42.2325 25.4255 25.2878 10.8489 9.44776 8.49959 8.50854
0.018750 42.2325 25.3858 25.3123 10.8489 9.46695 8.49959 8.50982
0.018819 42.2325 25.3659 25.2634 10.8489 9.48742 8.49959 8.50854
0.018896 42.2325 25.3842 25.4102 10.95 9.51046 8.49959 8.50982
0.018966 42.2325 25.4592 25.4592 10.95 9.53349 8.49959 8.50727
0.019034 42.2325 25.4653 24.8227 10.95 9.55396 8.49959 8.50727
0.019102 42.2325 25.4378 24.6514 10.95 9.57316 8.49959 8.50854
0.019178 42.2325 25.4623 25.1165 11.0498 9.59875 8.49959 8.50854
0.019248 42.2325 25.5357 24.6514 11.0498 9.6205 8.49959 8.50727
0.019318 42.2325 25.5648 25.6306 11.0498 9.63969 8.49959 8.50727
0.019387 42.2325 25.5571 25.3368 11.0498 9.65889 8.49959 8.50727
0.019466 42.2325 25.5296 25.2634 11.1496 9.68064 8.49959 8.50854
0.019535 42.2325 25.5525 25.6795 11.1496 9.70623 8.49959 8.50599
0.019604 42.2325 25.6076 25.4592 11.1496 9.72671 8.49959 8.50854
0.019672 42.2325 25.7009 25.3613 11.1496 9.74846 8.49959 8.50727
0.019747 42.2325 25.6688 25.4592 11.2494 9.77277 8.49959 8.50727
0.019817 42.2565 25.678 25.7774 11.2494 9.79708 8.49959 8.50727
0.019885 42.2325 25.681 25.6061 11.2494 9.81756 8.49959 8.50727
0.019954 42.2325 25.805 25.6795 11.2494 9.83931 8.49959 8.50727
0.020034 42.2565 25.782 25.9243 11.3492 9.86234 8.49959 8.50854
0.020105 42.2565 25.7912 25.3858 11.3492 9.88537 8.49959 8.50599
0.020174 42.2565 25.8585 26.0712 11.3492 9.90841 8.49959 8.50599
0.020243 42.2325 25.8126 25.9243 11.3492 9.93016 8.49959 8.50854
0.020321 42.2325 25.8371 25.8264 11.449 9.95831 8.49959 8.50854
0.020391 42.2565 25.8968 25.2878 11.449 9.98134 8.49959 8.50727
0.020462 42.2565 25.9136 25.9243 11.449 10.0018 8.49959 8.50727
0.020532 42.2565 25.909 25.6795 11.449 10.0261 8.49959 8.50727
0.020610 42.2565 25.9151 25.9488 11.5488 10.0504 8.49959 8.50599
0.020681 42.2325 25.9794 25.8754 11.5488 10.0748 8.49959 8.50471
0.020750 42.2565 25.9809 25.9488 11.5488 10.0978 8.49959 8.50854
0.020820 42.2325 26.0299 25.5326 11.5488 10.1234 8.49959 8.50727
0.020897 42.2565 26.0636 26.6587 11.6499 10.1502 8.49959 8.50727
0.020965 42.2565 26.0375 26.7811 11.6499 10.172 8.49959 8.50471
0.021035 42.2565 26.1094 26.2915 11.6499 10.195 8.49959 8.50854
0.021104 42.2565 26.114 26.1446 11.6499 10.2181 8.49959 8.50599
0.021183 42.2565 26.1584 26.0222 11.7497 10.2449 8.49959 8.50599
0.021252 42.2565 26.1936 26.2915 11.7497 10.268 8.49959 8.50727
0.021322 42.2565 26.2303 26.1202 11.7497 10.2923 8.49959 8.50599
0.021390 42.2565 26.238 26.2426 11.7497 10.3128 8.49959 8.50471
0.021468 42.2565 26.29 27.1483 11.8495 10.3409 8.49959 8.50343
0.021538 42.2565 26.3344 26.2426 11.8495 10.3678 8.49959 8.50343
0.021608 42.2565 26.3114 25.9243 11.8495 10.3895 8.49959 8.50343
0.021676 42.2565 26.3573 26.2181 11.8495 10.4126 8.49959 8.50599
0.021755 42.2565 26.3206 26.2426 11.9493 10.4382 8.49959 8.50471
0.021825 42.2565 26.4369 26.4139 11.9493 10.4612 8.49959 8.50343
0.021894 42.2565 26.4629 26.316 11.9493 10.4881 8.49959 8.50215
0.021963 42.2565 26.4522 26.5363 11.9493 10.5111 8.49959 8.50471
0.022039 42.2565 26.4445 26.5118 12.0491 10.5405 8.49959 8.50471
0.022108 42.2565 26.5057 25.704 12.0491 10.5597 8.49959 8.50343
0.022178 42.2804 26.4889 26.2426 12.0491 10.584 8.49959 8.50343
0.022247 42.2565 26.5807 25.9978 12.0491 10.6083 8.49959 8.50343
0.022327 42.2565 26.5868 26.879 12.149 10.6378 8.49959 8.50343
0.022395 42.2565 26.5899 26.5853 12.149 10.6595 8.49959 8.50087
0.022463 42.2565 26.7062 26.5608 12.149 10.6838 8.49959 8.50343
0.022533 42.2804 26.7536 26.8056 12.149 10.7094 8.49959 8.50343
0.022609 42.2565 26.7765 26.6098 12.2488 10.7376 8.49959 8.50087
0.022679 42.2804 26.7704 26.928 12.2488 10.7593 8.49959 8.49959
0.022747 42.2565 26.8255 27.0014 12.2488 10.7836 8.49959 8.50087
0.022816 42.2804 26.8331 26.2915 12.2488 10.8092 8.49959 8.50343
0.022892 42.2804 26.8408 26.7811 12.3498 10.8374 8.49959 8.50215
0.022960 42.2804 26.8285 26.7077 12.3498 10.863 8.49959 8.50087
0.023028 42.2804 26.8882 26.977 12.3498 10.8873 8.49959 8.50087
0.023097 42.2804 26.9586 27.0749 12.3498 10.9103 8.49959 8.49703
0.023172 42.2804 26.9418 26.7566 12.4497 10.9359 8.49959 8.49703
0.023240 42.2804 27.0198 26.7077 12.4497 10.9628 8.49959 8.49703
0.023307 42.2804 26.9984 26.977 12.4497 10.9858 8.49959 8.49831
0.023376 42.2565 27.0779 27.2707 12.4497 11.0114 8.49959 8.49831
0.023454 42.2804 27.107 27.1728 12.5495 11.0396 8.49959 8.49703
0.023522 42.2804 27.1973 26.7566 12.5495 11.0651 8.49959 8.49831
0.023591 42.2804 27.2432 27.1973 12.5495 11.0907 8.49959 8.49575
0.023658 42.2804 27.2569 27.8093 12.5495 11.1125 8.49959 8.49703
0.023734 42.2804 27.3166 27.2952 12.6493 11.1406 8.49959 8.49575
0.023802 42.2804 27.3442 27.491 12.6493 11.1662 8.49959 8.49447
0.023870 42.2804 27.3992 27.4176 12.6493 11.1931 8.49959 8.49575
0.023938 42.2804 27.3763 27.3442 12.6493 11.2174 8.49959 8.49447
0.024014 42.2804 27.4176 27.2218 12.7491 11.2443 8.49959 8.49447
0.024081 42.2804 27.4513 27.5155 12.7491 11.2699 8.49959 8.49191
0.024149 42.2804 27.5002 27.3197 12.7491 11.2916 8.49959 8.49319
0.024217 42.2804 27.4956 27.491 12.7491 11.3172 8.49959 8.49191
0.024292 42.2804 27.5278 27.589 12.8489 11.3454 8.49959 8.49319
0.024361 42.2565 27.5568 27.8338 12.8489 11.3722 8.49959 8.49191
0.024429 42.2804 27.6027 27.3931 12.8489 11.3991 8.49959 8.49191
0.024497 42.2804 27.6838 27.589 12.8489 11.4234 8.49959 8.49063
0.024572 42.2804 27.6792 27.2218 12.95 11.4503 8.49959 8.49063
0.024639 42.2804 27.7267 27.3442 12.95 11.4772 8.49959 8.48935
0.024708 42.2804 27.8047 27.8093 12.95 11.5015 8.49959 8.49063
0.024777 42.2804 27.8292 27.7358 12.95 11.5284 8.49959 8.48807
0.024852 42.2804 27.794 27.1973 13.0498 11.5578 8.49959 8.48807
0.024920 42.2804 27.8582 27.5155 13.0498 11.5821 8.49959 8.48679
0.024987 42.2804 27.8169 27.9317 13.0498 11.6064 8.49959 8.48935
0.025057 42.2804 27.9225 27.54 13.0498 11.632 8.49959 8.48679
0.025132 42.2804 27.8812 27.491 13.1496 11.6614 8.49959 8.48807
0.025199 42.2804 27.976 28.0541 13.1496 11.6857 8.49959 8.48551
0.025267 42.2804 27.999 28.2254 13.1496 11.7113 8.49959 8.48551
0.025336 42.2804 28.0449 27.8093 13.1496 11.7395 8.49959 8.48551
0.025411 42.2804 28.0281 28.1765 13.2494 11.7676 8.49959 8.48423
0.025479 42.3044 28.0755 28.152 13.2494 11.792 8.49959 8.48167
0.025547 42.2804 28.0832 28.1275 13.2494 11.8188 8.49959 8.48039
0.025614 42.2804 28.1765 28.1765 13.2494 11.8444 8.49959 8.48167
0.025690 42.2804 28.2698 28.0051 13.3492 11.8751 8.49959 8.47912
0.025759 42.2804 28.2254 28.0051 13.3492 11.8969 8.49959 8.47912
0.025827 42.2804 28.2606 28.3478 13.3492 11.925 8.49959 8.47912
0.025898 42.3044 28.2713 28.152 13.3492 11.9506 8.49959 8.48167
0.025972 42.2804 28.2882 28.4213 13.449 11.9801 8.49959 8.47528
0.026041 42.3044 28.328 28.1765 13.449 12.0056 8.49959 8.47784
0.026109 42.2804 28.3723 28.1765 13.449 12.0338 8.49959 8.47655
0.026177 42.2804 28.38 28.3723 13.449 12.0594 8.49959 8.47655
0.026252 42.2804 28.3876 28.4213 13.5488 12.0901 8.49959 8.47655
0.026319 42.3044 28.4871 28.4213 13.5488 12.1131 8.49959 8.474
0.026387 42.2804 28.5085 28.5437 13.5488 12.1387 8.49959 8.47272
0.026455 42.2804 28.5299 28.2254 13.5488 12.1669 8.49959 8.47272
0.026530 42.3044 28.6095 28.5192 13.6499 12.1963 8.49959 8.47272
0.026598 42.2804 28.5391 28.3478 13.6499 12.2206 8.49959 8.47144
0.026665 42.3044 28.5957 28.152 13.6499 12.2475 8.49959 8.47016
0.026733 42.3044 28.6324 28.6661 13.6499 12.2718 8.49959 8.47272
0.026801 42.3044 28.6523 28.6171 13.6499 12.2961 8.49959 8.46888
0.026877 42.3044 28.7181 28.7885 13.7497 12.3255 8.49959 8.4676
0.026945 42.2804 28.7502 28.813 13.7497 12.3511 8.49959 8.4676
0.027012 42.3044 28.7319 28.6661 13.7497 12.3806 8.49959 8.4676
0.027084 42.2804 28.7502 28.6661 13.7497 12.4023 8.49959 8.46632
0.027159 42.2804 28.7824 29.1312 13.8495 12.4317 8.49959 8.46632
0.027227 42.3044 28.8864 28.5926 13.8495 12.4573 8.49959 8.46632
0.027296 42.3044 28.8986 29.0822 13.8495 12.4829 8.49959 8.46504
0.027366 42.3044 28.865 28.9354 13.8495 12.5111 8.49959 8.46376
0.027441 42.3044 28.9583 28.8619 13.9493 12.5405 8.49959 8.46248
0.027510 42.3044 28.9445 29.376 13.9493 12.5623 8.49959 8.46248
0.027577 42.3044 29.0057 29.0822 13.9493 12.5891 8.49959 8.46376
0.027646 42.3044 28.9583 29.1802 13.9493 12.616 8.49959 8.46248
0.027722 42.3044 29.0042 28.4702 14.0491 12.6454 8.49959 8.4612
0.027789 42.3044 29.0593 29.1312 14.0491 12.6723 8.49959 8.45864
0.027857 42.3044 29.0884 29.0333 14.0491 12.6966 8.49959 8.45992
0.027924 42.3044 29.0623 28.4458 14.0491 12.7222 8.49959 8.45864
0.027999 42.3283 29.1098 28.8619 14.1489 12.7491 8.49959 8.45736
0.028069 42.3044 29.0792 28.9598 14.1489 12.7785 8.49959 8.45608
0.028138 42.3044 29.1434 29.327 14.1489 12.8054 8.49959 8.4548
0.028207 42.3044 29.1771 29.0578 14.1489 12.8348 8.49959 8.4548
0.028282 42.3044 29.1603 29.0822 14.25 12.8604 8.49959 8.4548
0.028350 42.3044 29.2184 29.1802 14.25 12.886 8.49959 8.4548
0.028420 42.3283 29.1817 28.6906 14.25 12.9141 8.49959 8.45352
0.028487 42.3044 29.3087 29.425 14.25 12.9423 8.49959 8.45224
0.028563 42.3044 29.2505 29.1557 14.3498 12.9704 8.49959 8.45096
0.028630 42.3044 29.3087 29.5963 14.3498 12.996 8.49959 8.45096
0.028699 42.3044 29.324 29.4494 14.3498 13.0204 8.49959 8.45224
0.028766 42.3044 29.2827 29.1067 14.3498 13.0485 8.49959 8.4484
0.028844 42.3283 29.298 29.4005 14.4496 13.0792 8.49959 8.4484
0.028912 42.3044 29.3454 29.3026 14.4496 13.1061 8.49959 8.4484
0.028981 42.3044 29.3362 29.7187 14.4496 13.1342 8.49959 8.4484
0.029049 42.3044 29.4173 28.5926 14.4496 13.1585 8.49959 8.44585
0.029124 42.3044 29.4433 29.425 14.5495 13.188 8.49959 8.44457
0.029192 42.3283 29.4341 29.376 14.5495 13.2148 8.49959 8.44712
0.029261 42.3044 29.4601 29.4494 14.5495 13.2404 8.49959 8.44457
0.029328 42.3044 29.4984 29.4005 14.5495 13.2673 8.49959 8.44329
0.029403 42.3283 29.4739 29.376 14.6493 13.2967 8.49959 8.44329
0.029471 42.3283 29.4601 29.1312 14.6493 13.3223 8.49959 8.44201
0.029539 42.3283 29.5152 29.5229 14.6493 13.3518 8.49959 8.44201
0.029606 42.3044 29.578 29.9146 14.6493 13.3748 8.49959 8.44073
0.029681 42.3044 29.5259 29.1312 14.7491 13.4042 8.49959 8.44073
0.029749 42.3044 29.5856 29.5963 14.7491 13.4311 8.49959 8.43817
0.029816 42.3283 29.555 29.6208 14.7491 13.458 8.49959 8.43945
0.029884 42.3044 29.5749 29.7677 14.7491 13.4848 8.49959 8.44073
0.029959 42.3283 29.5841 29.5229 14.8489 13.513 8.49959 8.44201
0.030027 42.3283 29.6514 29.6208 14.8489 13.5399 8.49959 8.44201
0.030096 42.3044 29.5963 29.2046 14.8489 13.568 8.49959 8.44201
0.030163 42.3283 29.6147 29.4494 14.8489 13.5949 8.49959 8.44457
0.030239 42.3044 29.6437 29.4984 14.95 13.623 8.49959 8.44201
0.030307 42.3044 29.6193 29.4494 14.95 13.6499 8.49959 8.44329
0.030375 42.3283 29.6606 29.9146 14.95 13.6781 8.49959 8.44329
0.030444 42.3283 29.7126 29.5963 14.95 13.7062 8.49959 8.44329
0.030519 42.3283 29.6912 29.5229 15.0498 13.7344 8.49959 8.44329
0.030588 42.3283 29.6835 29.6942 15.0498 13.7587 8.49959 8.44457
0.030656 42.3044 29.7401 29.6453 15.0498 13.7855 8.49959 8.44457
0.030724 42.3283 29.6499 29.4005 15.0498 13.8137 8.49959 8.44457
0.030799 42.3283 29.7095 29.8656 15.1496 13.8444 8.49959 8.44585
0.030867 42.3283 29.6759 29.7432 15.1496 13.87 8.49959 8.44585
0.030936 42.3283 29.757 29.5718 15.1496 13.8969 8.49959 8.44585
0.031004 42.3283 29.7463 29.6698 15.1496 13.9225 8.49959 8.44585
0.031080 42.3283 29.8258 29.4494 15.2494 13.9506 8.49959 8.44585
0.031149 42.3283 29.812 29.4005 15.2494 13.98 8.49959 8.44585
0.031220 42.3283 29.7692 30.037 15.2494 14.0107 8.49959 8.4484
0.031291 42.3283 29.7968 30.4776 15.2494 14.0363 8.49959 8.4484
0.031368 42.3283 29.8457 29.939 15.3492 14.0658 8.49959 8.44712
0.031438 42.3283 29.8212 29.7187 15.3492 14.0939 8.49959 8.44585
0.031509 42.3283 29.8304 29.1802 15.3492 14.1208 8.49959 8.44712
0.031581 42.3283 29.809 29.8166 15.3492 14.1528 8.49959 8.44585
0.031657 42.3283 29.7906 29.8656 15.449 14.1797 8.49959 8.44712
0.031726 42.3283 29.8381 30.6245 15.449 14.2078 8.49959 8.44968
0.031794 42.3283 29.809 29.9635 15.449 14.2321 8.49959 8.44968
0.031865 42.3283 29.8274 29.7677 15.449 14.2603 8.49959 8.44968
0.031942 42.3283 29.8059 30.1104 15.5488 14.2884 8.49959 8.44712
0.032011 42.3283 29.7922 30.0859 15.5488 14.3153 8.49959 8.44968
0.032082 42.3283 29.7447 29.6698 15.5488 14.3422 8.49959 8.45224
0.032155 42.3283 29.8059 30.3552 15.5488 14.3729 8.49959 8.44968
0.032232 42.3283 29.7952 29.9635 15.6499 14.3997 8.49959 8.44968
0.032302 42.3523 29.8549 29.425 15.6499 14.4292 8.49959 8.45096
0.032372 42.3283 29.8534 29.8411 15.6499 14.4573 8.49959 8.45224
0.032444 42.3283 29.8304 29.7922 15.6499 14.4842 8.49959 8.45224
0.032520 42.3283 29.8411 29.988 15.7497 14.5136 8.49959 8.45096
0.032590 42.3283 29.8411 29.939 15.7497 14.5418 8.49959 8.45096
0.032660 42.3283 29.8411 29.9146 15.7497 14.5712 8.49959 8.45224
0.032728 42.3283 29.8579 29.8411 15.7497 14.5955 8.49959 8.45224
0.032806 42.3283 29.8733 29.5474 15.8495 14.6262 8.49959 8.45224
0.032878 42.3283 29.8243 29.8411 15.8495 14.6531 8.49959 8.45224
0.032948 42.3283 29.8304 29.5229 15.8495 14.6812 8.49959 8.45224
0.033017 42.3283 29.8472 29.7922 15.8495 14.7107 8.49959 8.45352
0.033095 42.3523 29.8319 29.8901 15.9493 14.7375 8.49959 8.45352
0.033165 42.3283 29.8258 29.6453 15.9493 14.7644 8.49959 8.45224
0.033236 42.3283 29.8396 29.8901 15.9493 14.79 8.49959 8.45224
0.033306 42.3523 29.7937 30.1838 15.9493 14.8194 8.49959 8.45224
0.033384 42.3283 29.8396 29.8411 16.0491 14.8489 8.49959 8.45352
0.033454 42.3283 29.835 29.7432 16.0491 14.877 8.49959 8.4548
0.033523 42.3283 29.783 29.8411 16.0491 14.9026 8.49959 8.4548
0.033592 42.3283 29.809 29.7187 16.0491 14.9269 8.49959 8.45608
0.033670 42.3283 29.7799 29.9146 16.1489 14.9589 8.49959 8.4548
0.033743 42.3283 29.7677 30.2083 16.1489 14.9871 8.49959 8.4548
0.033812 42.3283 29.8029 29.7677 16.1489 15.0139 8.49959 8.45608
0.033882 42.3283 29.7968 29.8411 16.1489 15.0434 8.49959 8.45736
0.033961 42.3523 29.8197 29.6208 16.25 15.0728 8.49959 8.45736
0.034030 42.3523 29.7616 29.5718 16.25 15.0971 8.49959 8.45608
0.034101 42.3283 29.8044 29.6698 16.25 15.1265 8.49959 8.45736
0.034171 42.3523 29.7677 29.7922 16.25 15.1547 8.49959 8.45736
0.034250 42.3283 29.7646 29.7432 16.3498 15.1841 8.49959 8.45736
0.034321 42.3523 29.7922 29.9635 16.3498 15.2097 8.49959 8.45864
0.034392 42.3523 29.7677 29.6453 16.3498 15.2379 8.49959 8.45864
0.034462 42.3283 29.705 29.0578 16.3498 15.2647 8.49959 8.45864
0.034539 42.3523 29.8166 29.8166 16.4496 15.2942 8.49959 8.45864
0.034608 42.3523 29.7891 30.037 16.4496 15.321 8.49959 8.45736
0.034676 42.3523 29.7891 29.5474 16.4496 15.3466 8.49959 8.45736
0.034746 42.3283 29.7769 30.0125 16.4496 15.3722 8.49959 8.45864
0.034822 42.3283 29.734 29.939 16.5494 15.4029 8.49959 8.45992
0.034890 42.3523 29.809 30.6979 16.5494 15.4285 8.49959 8.4612
0.034958 42.3523 29.7447 29.5963 16.5494 15.4528 8.49959 8.45992
0.035026 42.3523 29.7264 29.7922 16.5494 15.4784 8.49959 8.45864
0.035104 42.3523 29.7034 29.8411 16.6492 15.5079 8.49959 8.45992
0.035172 42.3283 29.809 29.7922 16.6492 15.5373 8.49959 8.4612
0.035241 42.3523 29.7814 29.6453 16.6492 15.5629 8.49959 8.45992
0.035309 42.3523 29.7111 29.4739 16.6492 15.591 8.49959 8.4612
0.035385 42.3523 29.682 29.7922 16.7491 15.6179 8.49959 8.46248
0.035452 42.3283 29.6897 29.7187 16.7491 15.6448 8.49959 8.45992
0.035520 42.3523 29.7233 29.939 16.7491 15.6755 8.49959 8.45992
0.035588 42.3523 29.7034 30.551 16.7491 15.6998 8.49959 8.45992
0.035663 42.3283 29.7187 29.2536 16.8489 15.7267 8.49959 8.4612
0.035730 42.3523 29.6269 29.5474 16.8489 15.7523 8.49959 8.4612
0.035798 42.3523 29.6483 29.7677 16.8489 15.7791 8.49959 8.46248
0.035866 42.3523 29.6621 29.5963 16.8489 15.806 8.49959 8.46248
0.035943 42.3523 29.5994 29.0822 16.9499 15.8354 8.49959 8.46248
0.036010 42.3523 29.6055 29.6942 16.9499 15.8597 8.49959 8.4612
0.036078 42.3523 29.6453 29.5229 16.9499 15.8853 8.49959 8.4612
0.036147 42.3523 29.6101 29.4739 16.9499 15.9135 8.49959 8.46248
0.036222 42.3523 29.6881 29.3515 17.0498 15.9429 8.49959 8.45864
0.036291 42.3283 29.6239 29.6208 17.0498 15.9685 8.49959 8.46248
0.036358 42.3523 29.6361 29.6942 17.0498 15.9967 8.49959 8.46248
0.036426 42.3523 29.6468 29.4005 17.0498 16.021 8.49959 8.46248
0.036502 42.3523 29.6208 29.5474 17.1496 16.0504 8.49959 8.46248
0.036570 42.3523 29.6376 29.6208 17.1496 16.0773 8.49959 8.46248
0.036638 42.3523 29.5259 29.2536 17.1496 16.1054 8.49959 8.46504
0.036706 42.3523 29.5474 29.8411 17.1496 16.1323 8.49959 8.46248
0.036782 42.3523 29.555 29.2291 17.2494 16.1617 8.49959 8.46376
0.036856 42.3523 29.5229 29.6453 17.2494 16.1886 8.49959 8.46504
0.036924 42.3523 29.5183 28.4213 17.2494 16.2142 8.49959 8.46248
0.036991 42.3523 29.4816 29.5229 17.2494 16.2411 8.49959 8.46504
0.037067 42.3523 29.451 29.6942 17.3492 16.2705 8.49959 8.46248
0.037134 42.3523 29.4051 29.1557 17.3492 16.2961 8.49959 8.46248
0.037202 42.3523 29.4724 29.4494 17.3492 16.3217 8.49959 8.46248
0.037270 42.3523 29.4525 28.9598 17.3492 16.3473 8.49959 8.46376
0.037347 42.3523 29.425 29.7187 17.449 16.3767 8.49959 8.46248
0.037414 42.3523 29.4479 29.376 17.449 16.4036 8.49959 8.46376
0.037482 42.3523 29.454 29.5229 17.449 16.4292 8.49959 8.46504
0.037550 42.3523 29.4112 29.327 17.449 16.456 8.49959 8.46248
0.037626 42.3523 29.425 29.988 17.5488 16.4829 8.49959 8.46248
0.037695 42.3523 29.3592 29.4984 17.5488 16.5123 8.49959 8.46376
0.037763 42.3762 29.4112 29.0822 17.5488 16.5366 8.49959 8.46504
0.037831 42.3523 29.4066 29.4984 17.5488 16.5635 8.49959 8.46376
0.037906 42.3762 29.3668 29.7677 17.6499 16.5929 8.49959 8.46376
0.037974 42.3762 29.3974 29.425 17.6499 16.6185 8.49959 8.46376
0.038042 42.3523 29.402 29.2536 17.6499 16.648 8.49959 8.46376
0.038110 42.3523 29.4204 29.988 17.6499 16.6736 8.49959 8.46632
0.038187 42.3523 29.3515 29.3026 17.7497 16.7017 8.49959 8.46376
0.038254 42.3762 29.3836 29.4494 17.7497 16.7273 8.49959 8.46376
0.038322 42.3523 29.3836 29.2536 17.7497 16.7554 8.49959 8.46504
0.038389 42.3523 29.3836 29.1802 17.7497 16.7798 8.49959 8.46376
0.038467 42.3523 29.2934 29.2781 17.8495 16.8117 8.49959 8.46248
0.038534 42.3523 29.2934 29.0822 17.8495 16.8348 8.49959 8.46504
0.038602 42.3523 29.2934 29.4984 17.8495 16.8617 8.49959 8.46504
0.038670 42.3762 29.3194 29.3515 17.8495 16.8885 8.49959 8.46376
0.038745 42.3762 29.3056 28.9598 17.9493 16.9167 8.49959 8.46376
0.038814 42.3523 29.2261 29.2046 17.9493 16.941 8.49959 8.46504
0.038882 42.3523 29.2796 28.813 17.9493 16.9679 8.49959 8.4612
0.038955 42.3523 29.2016 29.425 17.9493 16.9973 8.49959 8.46376
0.039030 42.3762 29.2995 28.103 18.0491 17.0254 8.49959 8.46504
0.039098 42.3523 29.2322 29.2781 18.0491 17.051 8.49959 8.46504
0.039165 42.3762 29.2827 29.9146 18.0491 17.0753 8.49959 8.46248
0.039232 42.3762 29.2184 29.376 18.0491 17.1035 8.49959 8.46376
0.039309 42.3523 29.3041 29.1802 18.1489 17.1329 8.49959 8.46376
0.039377 42.3762 29.1786 29.8411 18.1489 17.1598 8.49959 8.46376
0.039445 42.3762 29.2597 29.1802 18.1489 17.1867 8.49959 8.46376
0.039513 42.3523 29.197 29.2781 18.1489 17.211 8.49959 8.46376
0.039588 42.3762 29.1236 28.9354 18.25 17.2404 8.49959 8.46504
0.039656 42.3523 29.1526 28.5682 18.25 17.266 8.49959 8.46376
0.039724 42.3762 29.1526 29.2781 18.25 17.2942 8.49959 8.46248
0.039793 42.3762 29.07 28.8619 18.25 17.3223 8.49959 8.46504
0.039868 42.3762 29.1006 28.9598 18.3498 17.3492 8.49959 8.46376
0.039935 42.3523 29.0746 29.0822 18.3498 17.3748 8.49959 8.46376
0.040003 42.3762 29.1006 29.3515 18.3498 17.4016 8.49959 8.46376
0.040075 42.3762 29.1037 29.2046 18.3498 17.4285 8.49959 8.46376
0.040151 42.3762 29.0899 29.0578 18.4496 17.4592 8.49959 8.46376
0.040219 42.3762 29.0914 28.9843 18.4496 17.481 8.49959 8.46504
0.040287 42.3762 29.044 29.2536 18.4496 17.5091 8.49959 8.46504
0.040355 42.3762 29.0363 29.0578 18.4496 17.5347 8.49959 8.46504
0.040430 42.3762 29.0532 29.0578 18.5494 17.5629 8.49959 8.46248
0.040498 42.3762 29.0516 28.9109 18.5494 17.5885 8.49959 8.46248
0.040565 42.3762 29.0761 29.1557 18.5494 17.614 8.49959 8.46248
0.040633 42.3762 29.0608 28.813 18.5494 17.6396 8.49959 8.46376
0.040708 42.3762 29.018 28.7885 18.6492 17.6678 8.49959 8.46376
0.040776 42.3762 28.9935 28.9598 18.6492 17.6947 8.49959 8.46248
0.040843 42.3762 28.9491 28.9598 18.6492 17.7215 8.49959 8.46504
0.040911 42.3762 28.9644 28.6171 18.6492 17.7471 8.49959 8.46248
0.040986 42.3762 28.9338 28.9109 18.749 17.7766 8.49959 8.46248
0.041054 42.4002 28.9828 28.9354 18.749 17.8034 8.49959 8.46248
0.041122 42.3762 28.992 28.9843 18.749 17.829 8.49959 8.46376
0.041190 42.3762 28.9996 29.0822 18.749 17.8546 8.49959 8.46248
0.041266 42.3762 28.94 28.9843 18.8488 17.884 8.49959 8.46376
0.041334 42.3762 28.9063 28.4947 18.8488 17.9096 8.49959 8.46376
0.041402 42.4002 28.8879 28.8619 18.8488 17.9378 8.49959 8.46248
0.041470 42.3762 28.9277 28.6416 18.8488 17.9634 8.49959 8.46376
0.041546 42.3762 28.9063 28.813 18.9499 17.9915 8.49959 8.4612
0.041615 42.3762 28.842 28.9109 18.9499 18.0158 8.49959 8.46376
0.041682 42.4002 28.8742 28.5192 18.9499 18.044 8.49959 8.4612
0.041750 42.3762 28.8757 28.813 18.9499 18.0696 8.49959 8.4612
0.041826 42.4002 28.8635 28.8619 19.0497 18.099 8.49959 8.4612
0.041894 42.3762 28.8329 28.6661 19.0497 18.122 8.49959 8.46248
0.041962 42.3762 28.8589 28.7395 19.0497 18.1476 8.49959 8.4612
0.042030 42.4002 28.8374 29.376 19.0497 18.1758 8.49959 8.46248
0.042106 42.4002 28.8359 28.7885 19.1495 18.2027 8.49959 8.4612
0.042173 42.3762 28.8344 28.7395 19.1495 18.2295 8.49959 8.46248
0.042241 42.3762 28.7747 28.764 19.1495 18.2538 8.49959 8.46248
0.042309 42.4002 28.6936 28.5437 19.1495 18.2807 8.49959 8.46376
0.042386 42.3762 28.7426 28.6661 19.2494 18.3114 8.49959 8.4612
0.042454 42.3762 28.764 28.5926 19.2494 18.3383 8.49959 8.4612
0.042522 42.4002 28.7824 28.5437 19.2494 18.3652 8.49959 8.46248
0.042590 42.4002 28.764 28.8619 19.2494 18.3908 8.49959 8.4612
0.042666 42.4002 28.7365 28.7885 19.3492 18.4189 8.49959 8.4612
0.042733 42.4002 28.7456 28.9843 19.3492 18.4432 8.49959 8.45864
0.042802 42.4002 28.7242 28.5437 19.3492 18.4714 8.49959 8.4612
0.042870 42.3762 28.6814 28.764 19.3492 18.4982 8.49959 8.4612
0.042946 42.4002 28.6829 28.2254 19.2494 18.5238 8.49959 8.4612
0.043013 42.3762 28.6921 28.5926 19.2494 18.5481 8.49959 8.4612
0.043082 42.3762 28.7395 28.5192 19.2494 18.5673 8.49959 8.4612
0.043151 42.4002 28.7074 28.3478 19.2494 18.584 8.49959 8.4612
0.043232 42.3762 28.7028 28.9354 19.1495 18.6044 8.49959 8.45992
0.043299 42.4002 28.6661 28.4458 19.1495 18.6172 8.49959 8.45992
0.043367 42.4002 28.6967 28.764 19.1495 18.63 8.49959 8.4612
0.043436 42.3762 28.6217 28.764 19.1495 18.6377 8.49959 8.4612
0.043511 42.4002 28.6492 28.5926 19.0497 18.6492 8.49959 8.45864
0.043579 42.4002 28.6554 28.6416 19.0497 18.6556 8.49959 8.45736
0.043646 42.3762 28.6554 28.5682 19.0497 18.6633 8.49959 8.4612
0.043714 42.4002 28.5988 28.6906 19.0497 18.6684 8.49959 8.45992
0.043790 42.4002 28.6477 28.3968 18.9499 18.6761 8.49959 8.45864
0.043858 42.3762 28.6217 28.0786 18.9499 18.6799 8.49959 8.45992
0.043925 42.4002 28.6309 28.764 18.9499 18.6838 8.49959 8.45992
0.043993 42.3762 28.6294 28.4458 18.9499 18.6851 8.49959 8.45992
0.044071 42.4002 28.6079 28.4947 18.8488 18.6876 8.49959 8.4612
0.044139 42.4002 28.6339 28.0786 18.8488 18.6851 8.49959 8.45864
0.044209 42.3762 28.5712 29.4739 18.8488 18.6863 8.49959 8.4612
0.044277 42.4002 28.5881 28.6661 18.8488 18.6838 8.49959 8.45864
0.044352 42.4002 28.5972 28.201 18.749 18.6851 8.49959 8.45992
0.044423 42.4002 28.5682 28.4458 18.749 18.6825 8.49959 8.45736
0.044491 42.4002 28.5636 28.4702 18.749 18.6812 8.49959 8.45992
0.044560 42.4002 28.5253 28.5926 18.749 18.6787 8.49959 8.45736
0.044635 42.4002 28.5268 28.5682 18.6492 18.6774 8.49959 8.45864
0.044704 42.4002 28.4978 28.5682 18.6492 18.6761 8.49959 8.45736
0.044771 42.4002 28.5605 28.0051 18.6492 18.6748 8.49959 8.45864
0.044840 42.4002 28.4825 28.4947 18.6492 18.6684 8.49959 8.45992
0.044915 42.4002 28.4932 28.4702 18.5494 18.6659 8.49959 8.45992
0.044983 42.4002 28.5421 27.7603 18.5494 18.6633 8.49959 8.45992
0.045051 42.4002 28.5437 28.4702 18.5494 18.6569 8.49959 8.45736
0.045120 42.4002 28.5299 28.3478 18.5494 18.6531 8.49959 8.45608
0.045197 42.4002 28.5437 28.5192 18.4496 18.6492 8.49959 8.45864
0.045264 42.4002 28.5682 28.3968 18.4496 18.6441 8.49959 8.45864
0.045332 42.4002 28.5559 29.5229 18.4496 18.6377 8.49959 8.45864
0.045400 42.4241 28.5161 28.813 18.4496 18.6313 8.49959 8.45736
0.045476 42.4002 28.5544 28.4702 18.3498 18.6262 8.49959 8.45992
0.045543 42.4002 28.5758 28.7395 18.3498 18.6198 8.49959 8.45864
0.045611 42.4002 28.5376 28.1765 18.3498 18.6134 8.49959 8.45864
0.045678 42.4241 28.5192 28.2989 18.3498 18.6032 8.49959 8.45992
0.045755 42.4002 28.5314 28.6416 18.25 18.598 8.49959 8.45736
0.045823 42.4002 28.6141 28.6906 18.25 18.5904 8.49959 8.45864
0.045891 42.4002 28.5268 28.7885 18.25 18.5814 8.49959 8.45864
0.045959 42.3762 28.5177 28.3478 18.25 18.575 8.49959 8.45992
0.046036 42.4002 28.4672 29.2536 18.1489 18.5622 8.49959 8.45864
0.046105 42.4002 28.4458 28.2989 18.1489 18.5533 8.49959 8.45992
0.046172 42.4002 28.5391 28.4947 18.1489 18.5443 8.49959 8.45992
0.046240 42.4002 28.5498 28.5926 18.1489 18.5353 8.49959 8.45736
0.046316 42.4002 28.4718 28.2744 18.0491 18.5213 8.49959 8.45992
0.046385 42.4002 28.4947 28.5192 18.0491 18.5123 8.49959 8.4612
0.046454 42.4002 28.4351 28.4213 18.0491 18.5008 8.49959 8.45992
0.046522 42.4002 28.507 27.7848 18.0491 18.4906 8.49959 8.45864
0.046600 42.4241 28.484 28.7395 17.9493 18.4778 8.49959 8.45992
0.046668 42.4002 28.4794 28.3968 17.9493 18.4662 8.49959 8.4612
0.046737 42.4241 28.5238 28.3478 17.9493 18.4535 8.49959 8.4612
0.046805 42.4002 28.484 28.201 17.9493 18.4419 8.49959 8.4612
0.046879 42.4002 28.4794 28.7885 17.8495 18.4291 8.49959 8.46248
0.046947 42.4002 28.5024 28.4947 17.8495 18.4189 8.49959 8.45992
0.047015 42.4002 28.5161 27.6134 17.8495 18.4074 8.49959 8.46376
0.047083 42.4002 28.4595 28.2254 17.8495 18.3972 8.49959 8.4612
0.047159 42.4002 28.4993 28.3968 17.7497 18.3856 8.49959 8.4612
0.047225 42.4002 28.4412 28.201 17.7497 18.3754 8.49959 8.45992
0.047294 42.4241 28.5253 28.2744 17.7497 18.3639 8.49959 8.46376
0.047361 42.4002 28.4748 28.4947 17.7497 18.3524 8.49959 8.46248
0.047428 42.4002 28.5161 28.3478 17.7497 18.3421 8.49959 8.4612
0.047502 42.4002 28.585 28.4947 17.6499 18.3281 8.49959 8.46376
0.047570 42.4241 28.5161 28.4458 17.6499 18.3153 8.49959 8.46376
0.047638 42.4002 28.4611 28.5192 17.6499 18.3037 8.49959 8.46376
0.047708 42.3762 28.5177 29.425 17.6499 18.2897 8.49959 8.46504
0.047782 42.4002 28.5406 28.6661 17.5488 18.2769 8.49959 8.46248
0.047851 42.4241 28.5024 28.3723 17.5488 18.2615 8.49959 8.46376
0.047918 42.4241 28.4458 28.1765 17.5488 18.2474 8.49959 8.46504
0.047988 42.4002 28.507 27.6624 17.5488 18.2334 8.49959 8.46632
0.048063 42.4241 28.5421 28.1275 17.449 18.2167 8.49959 8.46632
0.048131 42.4002 28.5345 28.5192 17.449 18.2014 8.49959 8.4676
0.048199 42.4241 28.4932 28.5192 17.449 18.1873 8.49959 8.46632
0.048266 42.4241 28.5161 28.6416 17.449 18.1732 8.49959 8.4676
0.048341 42.4241 28.5727 28.4458 17.3492 18.1566 8.49959 8.46888
0.048408 42.4241 28.4871 28.4213 17.3492 18.1451 8.49959 8.4676
0.048475 42.4002 28.4381 28.4458 17.3492 18.1323 8.49959 8.46888
0.048542 42.4241 28.5116 28.4702 17.3492 18.1182 8.49959 8.46888
0.048608 42.4241 28.5605 28.813 17.3492 18.1041 8.49959 8.46888
0.048684 42.4241 28.507 28.2499 17.2494 18.0875 8.49959 8.46888
0.048751 42.4241 28.5268 28.4947 17.2494 18.0734 8.49959 8.47016
0.048820 42.4241 28.562 28.201 17.2494 18.0581 8.49959 8.47016
0.048887 42.4241 28.4978 28.5682 17.2494 18.0414 8.49959 8.47016
0.048960 42.4241 28.4901 28.3234 17.1496 18.0235 8.49959 8.47016
0.049026 42.4002 28.5116 28.6906 17.1496 18.0082 8.49959 8.47144
0.049092 42.4241 28.559 29.1067 17.1496 17.9928 8.49959 8.47272
0.049161 42.4241 28.5376 29.6208 17.1496 17.9787 8.49959 8.47528
0.049228 42.4241 28.4917 28.3478 17.1496 17.9621 8.49959 8.474
0.049303 42.4241 28.5024 28.5926 17.0498 17.948 8.49959 8.474
0.049370 42.4241 28.5177 28.6661 17.0498 17.9339 8.49959 8.47528
0.049438 42.4241 28.5192 28.6171 17.0498 17.9199 8.49959 8.47655
0.049505 42.4241 28.51 28.1765 17.0498 17.9032 8.49959 8.47784
0.049570 42.4241 28.5559 28.4947 17.0498 17.8892 8.49959 8.47528
0.049644 42.4002 28.5192 28.2744 16.9499 17.8712 8.49959 8.47784
0.049712 42.4002 28.5881 29.4005 16.9499 17.8559 8.49959 8.47784
0.049780 42.4241 28.6049 28.5682 16.9499 17.8405 8.49959 8.47912
0.049847 42.4241 28.6217 28.764 16.9499 17.8252 8.49959 8.48039
0.049912 42.4241 28.5988 28.4702 16.9499 17.8073 8.49959 8.47912
0.049986 42.4241 28.5911 28.8864 16.8489 17.7919 8.49959 8.48039
0.050053 42.4241 28.5819 28.2744 16.8489 17.7791 8.49959 8.48039
0.050119 42.4002 28.6385 28.4458 16.8489 17.7638 8.49959 8.48295
0.050185 42.4241 28.5804 28.6906 16.8489 17.7497 8.49959 8.48295
0.050253 42.4241 28.6508 28.4947 16.8489 17.7343 8.49959 8.48295
0.050327 42.4241 28.5712 28.4213 16.7491 17.7177 8.49959 8.48295
0.050393 42.4241 28.5299 28.3723 16.7491 17.7036 8.49959 8.48551
0.050461 42.4241 28.6064 28.5682 16.7491 17.6857 8.49959 8.48551
0.050528 42.4241 28.6646 29.5229 16.7491 17.6691 8.49959 8.48551
0.050594 42.4241 28.6294 28.5926 16.7491 17.6537 8.49959 8.48807
0.050668 42.4241 28.5942 28.8619 16.6492 17.6358 8.49959 8.48935
0.050733 42.4241 28.686 28.3478 16.6492 17.6192 8.49959 8.48679
0.050799 42.4241 28.5942 28.3968 16.6492 17.6038 8.49959 8.48807
0.050865 42.4241 28.6538 28.5926 16.6492 17.5872 8.49959 8.48807
0.050931 42.4241 28.6431 28.8864 16.6492 17.5718 8.49959 8.48935
0.051007 42.4241 28.6248 28.5682 16.5494 17.5565 8.49959 8.49063
0.051075 42.4002 28.6294 28.201 16.5494 17.5398 8.49959 8.49191
0.051143 42.4241 28.6141 28.3968 16.5494 17.5219 8.49959 8.49191
0.051211 42.4241 28.7196 28.7395 16.5494 17.5053 8.49959 8.49319
0.051285 42.4241 28.6079 28.6171 16.4496 17.4874 8.49959 8.49575
0.051351 42.4241 28.6339 28.6661 16.4496 17.4695 8.49959 8.49575
0.051417 42.4241 28.6324 27.5155 16.4496 17.4503 8.49959 8.49575
0.051483 42.4241 28.6309 28.5682 16.4496 17.4298 8.49959 8.49447
0.051549 42.4241 28.6416 28.4213 16.4496 17.4132 8.49959 8.49575
0.051622 42.4241 28.611 28.4702 16.3498 17.3965 8.49959 8.49575
0.051687 42.4241 28.6814 28.4213 16.3498 17.3824 8.49959 8.49831
0.051753 42.4241 28.6462 28.3478 16.3498 17.3658 8.49959 8.49959
0.051819 42.4241 28.7227 28.6906 16.3498 17.3492 8.49959 8.49959
0.051886 42.4241 28.6906 29.1067 16.3498 17.3313 8.49959 8.49959
0.051963 42.4241 28.7319 28.4213 16.25 17.3121 8.49959 8.49959
0.052031 42.4241 28.7227 28.5682 16.25 17.2954 8.49959 8.50087
0.052097 42.4241 28.7135 28.5682 16.25 17.2737 8.49959 8.50087
0.052163 42.4241 28.738 28.5926 16.25 17.2558 8.49959 8.50343
0.052237 42.4241 28.6982 28.6171 16.1489 17.2366 8.49959 8.50343
0.052303 42.4241 28.7013 28.3968 16.1489 17.2187 8.49959 8.50471
0.052371 42.4241 28.7548 28.7885 16.1489 17.2007 8.49959 8.50599
0.052436 42.4241 28.7808 28.9354 16.1489 17.1841 8.49959 8.50854
0.052502 42.4241 28.7242 28.6906 16.1489 17.1662 8.49959 8.50982
0.052576 42.4241 28.7196 28.4213 16.0491 17.147 8.49959 8.50854
0.052644 42.4241 28.7227 28.7395 16.0491 17.1278 8.49959 8.50854
0.052712 42.4241 28.7747 28.6171 16.0491 17.1086 8.49959 8.50599
0.052779 42.4241 28.7655 28.7885 16.0491 17.0907 8.49959 8.50854
0.052844 42.4241 28.7135 28.4947 16.0491 17.0715 8.49959 8.50727
0.052918 42.4241 28.7273 28.6661 15.9493 17.051 8.49959 8.50727
0.052984 42.4241 28.8267 29.0822 15.9493 17.0344 8.49959 8.50727
0.053050 42.4241 28.7655 28.764 15.9493 17.0165 8.49959 8.50854
0.053116 42.4241 28.8604 28.6171 15.9493 16.9998 8.49959 8.50854
0.053182 42.4241 28.7961 27.9072 15.9493 16.9819 8.49959 8.50854
0.053257 42.4481 28.8267 28.8619 15.8495 16.9627 8.49959 8.50599
0.053324 42.4481 28.7946 28.764 15.8495 16.9435 8.49959 8.50854
0.053390 42.4241 28.7609 28.7885 15.8495 16.9231 8.49959 8.50727
0.053459 42.4481 28.7885 28.5926 15.8495 16.9013 8.49959 8.50727
0.053525 42.4241 28.8573 28.6171 15.8495 16.8834 8.49959 8.50854
0.053599 42.4241 28.8895 28.7395 15.7497 16.8655 8.49959 8.50599
0.053665 42.4481 28.8221 28.8374 15.7497 16.8476 8.49959 8.50854
0.053732 42.4241 28.79 28.4947 15.7497 16.8297 8.49959 8.50599
0.053799 42.4481 28.813 28.1275 15.7497 16.8117 8.49959 8.50854
0.053864 42.4241 28.7961 29.0578 15.7497 16.7938 8.49959 8.50854
0.053938 42.4481 28.8099 28.8864 15.6499 16.7734 8.49959 8.50982
0.054008 42.4241 28.8696 28.4702 15.6499 16.7529 8.49959 8.50854
0.054075 42.4481 28.8497 28.8619 15.6499 16.7324 8.49959 8.50727
0.054143 42.4241 28.8298 28.6416 15.6499 16.7145 8.49959 8.50854
0.054216 42.4241 28.9139 28.8619 15.5488 16.6953 8.49959 8.50727
0.054284 42.4241 28.8941 28.9598 15.5488 16.6748 8.49959 8.50854
0.054351 42.4241 28.8344 28.6416 15.5488 16.6556 8.49959 8.50854
0.054417 42.4241 28.8696 28.9354 15.5488 16.6364 8.49959 8.50854
0.054483 42.4241 28.8344 28.715 15.5488 16.616 8.49959 8.50471
0.054556 42.4241 28.9384 28.764 15.449 16.5968 8.49959 8.50727
0.054624 42.4241 28.9093 28.9109 15.449 16.5763 8.49959 8.50982
0.054690 42.4241 28.8696 29.0822 15.449 16.5546 8.49959 8.50854
0.054756 42.4481 28.9384 29.1802 15.449 16.5354 8.49959 8.50727
0.054822 42.4241 28.8879 28.9598 15.449 16.5174 8.49959 8.50982
0.054896 42.4481 28.9093 28.9843 15.3492 16.497 8.49959 8.50854
0.054963 42.4481 28.868 28.8374 15.3492 16.4778 8.49959 8.50599
0.055029 42.4481 28.9216 28.5437 15.3492 16.4599 8.49959 8.50727
0.055095 42.4481 28.9935 28.6661 15.3492 16.4394 8.49959 8.50599
0.055162 42.4241 29.0165 28.9843 15.3492 16.4202 8.49959 8.50854
0.055235 42.4481 28.9308 28.7885 15.2494 16.3997 8.49959 8.50854
0.055301 42.4241 28.995 28.8619 15.2494 16.378 8.49959 8.50854
0.055368 42.4241 28.9507 29.1802 15.2494 16.3613 8.49959 8.50854
0.055437 42.4241 28.9767 28.8864 15.2494 16.3409 8.49959 8.50727
0.055504 42.4481 28.9797 28.9843 15.2494 16.3229 8.49959 8.50727
0.055579 42.4241 28.9813 28.4947 15.1496 16.305 8.49959 8.50854
0.055651 42.4241 29.021 28.9843 15.1496 16.2833 8.49959 8.50727
0.055719 42.4241 29.0486 28.6661 15.1496 16.2615 8.49959 8.50854
0.055786 42.4241 29.0333 29.0578 15.1496 16.2411 8.49959 8.50854
0.055861 42.4241 29.0623 28.9843 15.0498 16.218 8.49959 8.50727
0.055929 42.4241 29.0608 29.0333 15.0498 16.1976 8.49959 8.50727
0.055996 42.4481 29.0838 28.7885 15.0498 16.1796 8.49959 8.50854
0.056063 42.4481 29.0425 29.1067 15.0498 16.1592 8.49959 8.50854
0.056129 42.4241 29.0975 29.0088 15.0498 16.1425 8.49959 8.50854
0.056205 42.4481 29.044 29.2046 14.95 16.1182 8.49959 8.50727
0.056271 42.4481 29.0562 28.9109 14.95 16.0965 8.49959 8.50727
0.056338 42.4481 29.0685 28.6661 14.95 16.076 8.49959 8.50854
0.056406 42.4481 29.1159 28.9109 14.95 16.0555 8.49959 8.50727
0.056473 42.4481 29.0731 29.0333 14.95 16.035 8.49959 8.50599
0.056548 42.4481 29.0838 29.1312 14.8489 16.0146 8.49959 8.50727
0.056616 42.4481 29.1144 29.1312 14.8489 15.9967 8.49959 8.50727
0.056682 42.4481 29.1144 29.2046 14.8489 15.9736 8.49959 8.50599
0.056750 42.4241 29.1006 30.037 14.8489 15.9544 8.49959 8.50727
0.056817 42.4481 29.1924 28.9109 14.8489 15.9327 8.49959 8.50599
0.056895 42.4481 29.1266 29.2781 14.7491 15.9096 8.49959 8.50599
0.056965 42.4481 29.1067 29.0578 14.7491 15.8905 8.49959 8.50854
0.057032 42.4481 29.1144 29.2046 14.7491 15.87 8.49959 8.50599
0.057100 42.4481 29.0853 29.1802 14.7491 15.8495 8.49959 8.50854
0.057176 42.4481 29.1725 29.1802 14.6493 15.8278 8.49959 8.50727
0.057243 42.4481 29.2031 29.3515 14.6493 15.8073 8.49959 8.50727
0.057310 42.4481 29.1419 29.1312 14.6493 15.7868 8.49959 8.50727
0.057380 42.4481 29.0838 29.0578 14.6493 15.7638 8.49959 8.50854
0.057455 42.4481 29.1848 28.7395 14.5495 15.7407 8.49959 8.50727
0.057522 42.4481 29.145 29.2046 14.5495 15.719 8.49959 8.50727
0.057591 42.4481 29.1786 29.4494 14.5495 15.6985 8.49959 8.50727
0.057658 42.4481 29.2001 28.6416 14.5495 15.6755 8.49959 8.50727
0.057735 42.4481 29.1817 29.0578 14.4496 15.6537 8.49959 8.50854
0.057802 42.4481 29.2857 28.9598 14.4496 15.632 8.49959 8.50982
0.057869 42.4481 29.2169 29.1802 14.4496 15.6102 8.49959 8.50854
0.057937 42.4241 29.2414 29.0822 14.4496 15.5872 8.49959 8.50982
0.058017 42.4481 29.2368 29.0822 14.3498 15.5616 8.49959 8.50982
0.058084 42.4241 29.298 29.1802 14.3498 15.5386 8.49959 8.50982
0.058151 42.4481 29.2934 29.1312 14.3498 15.5181 8.49959 8.5111
0.058218 42.4481 29.3332 28.9598 14.3498 15.4963 8.49959 8.5111
0.058292 42.4721 29.2888 28.3723 14.25 15.4733 8.49959 8.50982
0.058361 42.4481 29.3026 28.8374 14.25 15.4503 8.49959 8.50854
0.058429 42.4481 29.3056 28.3234 14.25 15.4272 8.49959 8.50982
0.058496 42.4241 29.2873 28.7395 14.25 15.4029 8.49959 8.5111
0.058572 42.4481 29.324 29.327 14.1489 15.3786 8.49959 8.5111
0.058639 42.4481 29.2811 28.9354 14.1489 15.3581 8.49959 8.50982
0.058706 42.4481 29.2995 29.4005 14.1489 15.3351 8.49959 8.5111
0.058773 42.4481 29.4005 29.2291 14.1489 15.3108 8.49959 8.5111
0.058841 42.4481 29.3255 29.1312 14.1489 15.2929 8.49959 8.51238
0.058917 42.4481 29.4173 29.1557 14.0491 15.2673 8.49959 8.51238
0.058984 42.4481 29.3576 29.4494 14.0491 15.2455 8.49959 8.51366
0.059051 42.4481 29.3944 28.764 14.0491 15.2212 8.49959 8.5111
0.059119 42.4481 29.4188 29.6208 14.0491 15.1982 8.49959 8.51238
0.059195 42.4481 29.353 29.4005 13.9493 15.1752 8.49959 8.51366
0.059262 42.4481 29.4571 29.6453 13.9493 15.1573 8.49959 8.51494
0.059329 42.4721 29.4265 28.813 13.9493 15.1317 8.49959 8.51494
0.059397 42.4481 29.3913 29.2536 13.9493 15.1112 8.49959 8.51622
0.059472 42.4481 29.451 29.0822 13.8495 15.0856 8.49959 8.51366
0.059540 42.4481 29.4525 29.4739 13.8495 15.0638 8.49959 8.51366
0.059608 42.4481 29.4785 29.376 13.8495 15.0395 8.49959 8.51622
0.059675 42.4481 29.451 29.2536 13.8495 15.0178 8.49959 8.51622
0.059750 42.4481 29.4923 29.5718 13.7497 14.9922 8.49959 8.51366
0.059818 42.4481 29.4265 29.5229 13.7497 14.9717 8.49959 8.51622
0.059885 42.4481 29.48 29.3515 13.7497 14.9461 8.49959 8.51622
0.059953 42.4721 29.5091 29.1312 13.7497 14.9218 8.49959 8.5175
0.060028 42.4481 29.5045 29.0578 13.6499 14.9001 8.49959 8.51622
0.060096 42.4481 29.454 29.4739 13.6499 14.8796 8.49959 8.5175
0.060164 42.4481 29.454 29.2046 13.6499 14.854 8.49959 8.5175
0.060232 42.4481 29.506 29.425 13.6499 14.831 8.49959 8.5175
0.060310 42.4481 29.4846 29.9635 13.5488 14.8054 8.49959 8.5175
0.060378 42.4721 29.4433 29.2536 13.5488 14.7798 8.49959 8.51878
0.060446 42.4481 29.5504 29.2291 13.5488 14.7593 8.49959 8.51878
0.060514 42.4481 29.5902 29.5963 13.5488 14.7324 8.49959 8.51878
0.060590 42.4481 29.5535 29.7187 13.449 14.7081 8.49959 8.52134
0.060659 42.4721 29.5198 29.5229 13.449 14.6864 8.49959 8.52006
0.060727 42.4481 29.5152 28.7395 13.449 14.6633 8.49959 8.51878
0.060795 42.4481 29.5856 29.2046 13.449 14.6365 8.49959 8.52134
0.060870 42.4481 29.5275 29.4984 13.3492 14.6121 8.49959 8.52262
0.060938 42.4481 29.555 29.5229 13.3492 14.5853 8.49959 8.5239
0.061006 42.4481 29.6269 29.4005 13.3492 14.5635 8.49959 8.5239
0.061073 42.4481 29.5642 29.5963 13.3492 14.5379 8.49959 8.52518
0.061150 42.4481 29.6208 29.2781 13.2494 14.5149 8.49959 8.52518
0.061218 42.4481 29.5734 29.7922 13.2494 14.4931 8.49959 8.5239
0.061286 42.4721 29.5795 29.5474 13.2494 14.4676 8.49959 8.52646
0.061353 42.4481 29.6193 29.425 13.2494 14.4432 8.49959 8.52646
0.061429 42.4481 29.6483 29.6942 13.1496 14.4177 8.49959 8.52646
0.061497 42.4481 29.6744 29.5963 13.1496 14.3946 8.49959 8.52646
0.061565 42.4481 29.6912 29.1312 13.1496 14.3716 8.49959 8.52774
0.061632 42.4481 29.6315 30.2328 13.1496 14.3498 8.49959 8.52774
0.061710 42.4481 29.708 29.5718 13.0498 14.323 8.49959 8.52902
0.061777 42.4481 29.6392 29.5229 13.0498 14.2974 8.49959 8.5303
0.061846 42.4481 29.5979 28.6171 13.0498 14.2718 8.49959 8.5303
0.061915 42.4481 29.731 29.6698 13.0498 14.2475 8.49959 8.52902
0.061991 42.4481 29.6514 29.2781 12.95 14.2206 8.49959 8.5303
0.062061 42.4721 29.6897 29.5718 12.95 14.2001 8.49959 8.53158
0.062129 42.4481 29.7019 29.5963 12.95 14.1758 8.49959 8.53158
0.062198 42.4481 29.7141 29.4005 12.95 14.1515 8.49959 8.53286
0.062273 42.4481 29.7585 29.0822 12.8489 14.1221 8.49959 8.53286
0.062343 42.4481 29.7355 29.5718 12.8489 14.1016 8.49959 8.53414
0.062410 42.4721 29.812 29.3515 12.8489 14.0786 8.49959 8.53414
0.062479 42.4721 29.7784 29.5718 12.8489 14.053 8.49959 8.53286
0.062555 42.4481 29.7845 29.7922 12.7491 14.0248 8.49959 8.53669
0.062622 42.4721 29.7432 29.6453 12.7491 14.0031 8.49959 8.53542
0.062692 42.4721 29.7524 29.8411 12.7491 13.9775 8.49959 8.53542
0.062762 42.4721 29.7769 29.988 12.7491 13.9519 8.49959 8.53797
0.062838 42.4721 29.7753 29.2536 12.6493 13.9276 8.49959 8.53797
0.062906 42.4721 29.8151 29.7187 12.6493 13.9033 8.49959 8.53797
0.062974 42.4721 29.8029 30.037 12.6493 13.8815 8.49959 8.53797
0.063041 42.4481 29.8717 29.7677 12.6493 13.8559 8.49959 8.53797
0.063118 42.4721 29.8396 29.6698 12.5495 13.829 8.49959 8.54181
0.063185 42.4721 29.7554 29.8901 12.5495 13.8035 8.49959 8.53926
0.063254 42.4721 29.7876 29.4005 12.5495 13.7791 8.49959 8.54053
0.063323 42.4481 29.8212 29.8166 12.5495 13.7561 8.49959 8.54181
0.063399 42.4481 29.8549 29.6453 12.4497 13.7292 8.49959 8.54181
0.063467 42.4481 29.8778 29.5229 12.4497 13.7062 8.49959 8.54565
0.063537 42.4721 29.8396 29.8656 12.4497 13.6819 8.49959 8.54565
0.063606 42.4721 29.8059 30.3797 12.4497 13.6537 8.49959 8.54565
0.063682 42.4721 29.8472 30.5755 12.3498 13.6282 8.49959 8.54565
0.063750 42.4721 29.887 30.1104 12.3498 13.6038 8.49959 8.54565
0.063820 42.4721 29.9161 29.8656 12.3498 13.5821 8.49959 8.54693
0.063889 42.4481 29.9054 29.8411 12.3498 13.5578 8.49959 8.54821
0.063965 42.4481 29.939 29.7432 12.2488 13.5322 8.49959 8.55077
0.064035 42.4721 29.8916 29.8901 12.2488 13.5066 8.49959 8.54949
0.064106 42.4481 29.8794 29.425 12.2488 13.4797 8.49959 8.55077
0.064175 42.4481 29.7769 29.5229 12.2488 13.4554 8.49959 8.55077
0.064251 42.4721 29.8534 29.9146 12.149 13.4285 8.49959 8.54949
0.064324 42.4721 29.8763 29.0578 12.149 13.4042 8.49959 8.55205
0.064394 42.4721 29.9283 30.7224 12.149 13.3786 8.49959 8.55333
0.064461 42.4481 29.9574 29.988 12.149 13.3518 8.49959 8.55461
0.064537 42.4721 29.8702 29.8411 12.0491 13.3262 8.49959 8.55333
0.064606 42.4721 29.9696 29.8166 12.0491 13.3044 8.49959 8.55461
0.064674 42.4721 29.9482 29.5963 12.0491 13.2775 8.49959 8.55333
0.064743 42.4481 29.9482 29.7432 12.0491 13.2558 8.49959 8.55589
0.064820 42.4721 29.9283 29.8166 11.9493 13.2251 8.49959 8.55461
0.064891 42.4721 29.8656 30.0614 11.9493 13.2021 8.49959 8.55973
0.064961 42.4481 29.9482 29.9635 11.9493 13.1752 8.49959 8.55973
0.065031 42.4721 29.9283 30.037 11.9493 13.1496 8.49959 8.56101
0.065109 42.4721 29.9758 30.2328 11.8495 13.1253 8.49959 8.55973
0.065181 42.4721 29.9482 30.1594 11.8495 13.101 8.49959 8.56229
0.065251 42.4721 29.8901 30.0614 11.8495 13.0754 8.49959 8.56357
0.065321 42.4721 29.9191 29.8656 11.8495 13.0485 8.49959 8.56485
0.065399 42.4721 29.9253 29.988 11.7497 13.0216 8.49959 8.56229
0.065468 42.4721 29.9513 29.4739 11.7497 12.9999 8.49959 8.56485
0.065537 42.4721 29.8855 29.5474 11.7497 12.973 8.49959 8.56741
0.065605 42.4721 29.9344 29.4494 11.7497 12.9487 8.49959 8.56741
0.065683 42.4481 29.9528 29.7677 11.6499 12.9231 8.49959 8.56613
0.065751 42.4721 29.887 29.988 11.6499 12.9001 8.49959 8.56229
0.065820 42.4721 29.8687 30.8203 11.6499 12.8732 8.49959 8.56357
0.065889 42.4481 29.8962 30.1104 11.6499 12.8476 8.49959 8.56485
0.065965 42.4721 29.8993 29.6698 11.5488 12.822 8.49959 8.56485
0.066034 42.4721 29.9467 29.5718 11.5488 12.7964 8.49959 8.56485
0.066102 42.4481 29.8977 29.5229 11.5488 12.7747 8.49959 8.56357
0.066171 42.4721 29.8977 29.7432 11.5488 12.7516 8.49959 8.56101
0.066248 42.4721 29.8947 29.7432 11.449 12.7222 8.49959 8.56101
0.066318 42.4721 29.9804 29.7187 11.449 12.6992 8.49959 8.55973
0.066386 42.4721 29.939 29.5229 11.449 12.6723 8.49959 8.56101
0.066454 42.4721 29.8977 30.649 11.449 12.648 8.49959 8.56101
0.066532 42.4721 29.9482 30.0614 11.3492 12.6186 8.49959 8.56357
0.066602 42.4721 29.8977 29.8411 11.3492 12.5955 8.49959 8.55973
0.066670 42.4721 29.9222 29.8411 11.3492 12.5725 8.49959 8.56101
0.066740 42.4721 29.9375 29.988 11.3492 12.5456 8.49959 8.55973
0.066815 42.4721 29.8931 29.9146 11.2494 12.5213 8.49959 8.55845
0.066884 42.4721 29.8671 30.649 11.2494 12.4957 8.49959 8.55973
0.066952 42.4721 29.8824 30.037 11.2494 12.4714 8.49959 8.55973
0.067020 42.4721 29.8717 30.1104 11.2494 12.4484 8.49959 8.55973
0.067098 42.4721 29.8564 29.6698 11.1496 12.4202 8.49959 8.55845
0.067167 42.4721 29.8993 29.9146 11.1496 12.3959 8.49959 8.55845
0.067237 42.4721 29.8579 29.988 11.1496 12.369 8.49959 8.55845
0.067306 42.4721 29.9314 29.9146 11.1496 12.3447 8.49959 8.55717
0.067382 42.4721 29.8579 29.2046 11.0498 12.3166 8.49959 8.55845
0.067450 42.4721 29.861 29.7432 11.0498 12.2935 8.49959 8.55845
0.067519 42.4721 29.8274 29.7922 11.0498 12.2692 8.49959 8.55845
0.067588 42.4721 29.8916 29.5718 11.0498 12.2436 8.49959 8.55717
0.067664 42.4721 29.8258 30.9182 10.95 12.2181 8.49959 8.55461
0.067733 42.4721 29.8763 29.6453 10.95 12.195 8.49959 8.55717
0.067801 42.4721 29.7922 29.6208 10.95 12.172 8.49959 8.55589
0.067872 42.4721 29.8365 29.4494 10.95 12.1451 8.49959 8.55461
0.067947 42.4721 29.8228 30.6 10.8489 12.1182 8.49959 8.55717
0.068015 42.4721 29.8289 29.7922 10.8489 12.0914 8.49959 8.55589
0.068085 42.4721 29.7784 29.7922 10.8489 12.0671 8.49959 8.55589
0.068153 42.4721 29.7417 29.8411 10.8489 12.0415 8.49959 8.55333
0.068229 42.4721 29.7876 29.6942 10.7491 12.0159 8.49959 8.55333
0.068298 42.4721 29.7585 29.7432 10.7491 11.9916 8.49959 8.55205
0.068366 42.4721 29.7463 29.5718 10.7491 11.9647 8.49959 8.55333
0.068433 42.496 29.7509 29.4005 10.7491 11.9429 8.49959 8.55333
0.068508 42.4721 29.7279 29.4494 10.6493 11.9148 8.49959 8.55333
0.068576 42.4721 29.7248 29.4005 10.6493 11.893 8.49959 8.55333
0.068645 42.4721 29.6713 29.3026 10.6493 11.8687 8.49959 8.55333
0.068715 42.4721 29.6851 29.5718 10.6493 11.8431 8.49959 8.55205
0.068790 42.4721 29.6942 29.7432 10.5495 11.815 8.49959 8.55333
0.068858 42.4721 29.6759 29.7187 10.5495 11.792 8.49959 8.55333
0.068926 42.4721 29.7019 29.7187 10.5495 11.7651 8.49959 8.55077
0.068994 42.496 29.6529 29.7677 10.5495 11.7408 8.49959 8.55077
0.069069 42.4721 29.6361 29.6453 10.4497 11.7165 8.49959 8.54949
0.069137 42.4721 29.607 29.6453 10.4497 11.6934 8.49959 8.55205
0.069208 42.4721 29.6376 29.5718 10.4497 11.6653 8.49959 8.55077
0.069275 42.4721 29.6147 29.425 10.4497 11.6422 8.49959 8.55077
0.069351 42.4721 29.5871 29.7677 10.3499 11.6141 8.49959 8.54949
0.069419 42.4721 29.5826 29.5229 10.3499 11.5936 8.49959 8.54821
0.069487 42.4721 29.552 29.7677 10.3499 11.568 8.49959 8.55077
0.069555 42.4721 29.5474 29.7432 10.3499 11.5437 8.49959 8.54821
0.069631 42.4721 29.4709 29.327 10.2488 11.5181 8.49959 8.54821
0.069700 42.496 29.4755 29.3026 10.2488 11.4925 8.49959 8.54693
0.069770 42.4721 29.454 29.6698 10.2488 11.4669 8.49959 8.54949
0.069840 42.4721 29.4097 28.7395 10.2488 11.4388 8.49959 8.54693
0.069916 42.4721 29.4862 28.8619 10.149 11.4119 8.49959 8.54693
0.069985 42.4721 29.454 29.4739 10.149 11.3889 8.49959 8.54949
0.070055 42.4721 29.3913 29.2291 10.149 11.3633 8.49959 8.54821
0.070123 42.4721 29.3638 29.3515 10.149 11.3364 8.49959 8.54693
0.070199 42.4721 29.3684 28.9598 10.0492 11.3121 8.49959 8.54693
0.070267 42.4721 29.3974 29.1312 10.0492 11.2891 8.49959 8.54693
0.070335 42.4721 29.3852 28.9843 10.0492 11.2648 8.49959 8.54693
0.070403 42.4721 29.3301 28.5682 10.0492 11.2392 8.49959 8.54821
0.070479 42.4721 29.3301 29.4739 9.94935 11.2149 8.49959 8.54821
0.070546 42.4721 29.2643 29.0088 9.94935 11.1893 8.49959 8.54565
0.070614 42.4721 29.2536 29.0822 9.94935 11.1637 8.49959 8.54437
0.070683 42.4721 29.2276 29.4494 9.94935 11.1368 8.49959 8.54693
0.070760 42.4721 29.1771 29.0088 9.84955 11.1125 8.49959 8.54437
0.070828 42.4721 29.1021 28.2989 9.84955 11.0895 8.49959 8.54693
0.070896 42.4721 29.1496 28.2744 9.84955 11.0639 8.49959 8.54565
0.070966 42.4721 29.1098 28.9843 9.84955 11.037 8.49959 8.54437
0.071044 42.4721 29.1083 28.6906 9.74974 11.0101 8.49959 8.54565
0.071113 42.4721 29.1205 29.0088 9.74974 10.9845 8.49959 8.54565
0.071182 42.4721 29.1159 29.0578 9.74974 10.9615 8.49959 8.54437
0.071252 42.4721 29.0639 28.7885 9.74974 10.9385 8.49959 8.54437
0.071329 42.4721 29.0103 28.3968 9.64993 10.9116 8.49959 8.54309
0.071398 42.496 29.0119 29.0578 9.64993 10.8886 8.49959 8.54437
0.071470 42.4721 28.9246 29.1557 9.64993 10.8591 8.49959 8.54437
0.071539 42.4721 29.0088 29.0088 9.64993 10.8335 8.49959 8.54309
0.071616 42.496 28.9721 28.9354 9.54884 10.8067 8.49959 8.54693
0.071685 42.4721 28.9323 28.8864 9.54884 10.7836 8.49959 8.54693
0.071755 42.496 28.917 28.9354 9.54884 10.7581 8.49959 8.54565
0.071824 42.4721 28.8849 28.3723 9.54884 10.7337 8.49959 8.54565
0.071904 42.4721 28.8436 29.7677 9.44904 10.7043 8.49959 8.54309
0.071974 42.4721 28.8573 28.7395 9.44904 10.6774 8.49959 8.54693
0.072042 42.4721 28.8436 28.4947 9.44904 10.6544 8.49959 8.54565
0.072111 42.4721 28.7502 28.8374 9.44904 10.6314 8.49959 8.54693
0.072189 42.4721 28.7258 28.4213 9.34923 10.6032 8.49959 8.54437
0.072259 42.4721 28.7273 28.8374 9.34923 10.5802 8.49959 8.54437
0.072336 42.4721 28.6783 28.6661 9.34923 10.552 8.49959 8.54693
0.072407 42.4721 28.6523 28.201 9.34923 10.5252 8.49959 8.54565
0.072485 42.4721 28.637 28.7395 9.24942 10.4983 8.49959 8.54693
0.072554 42.496 28.6064 28.6661 9.24942 10.474 8.49959 8.54437
0.072625 42.4721 28.5758 29.3515 9.24942 10.4522 8.49959 8.54565
0.072695 42.4721 28.5421 28.4213 9.24942 10.4241 8.49959 8.54565
0.072774 42.4721 28.4825 28.4702 9.14962 10.3985 8.49959 8.54565
0.072843 42.496 28.5758 28.2989 9.14962 10.3729 8.49959 8.54565
0.072913 42.496 28.4488 28.5926 9.14962 10.3473 8.49959 8.54821
0.072983 42.4721 28.4305 28.2989 9.14962 10.3217 8.49959 8.54821
0.073060 42.4721 28.3953 28.201 9.04981 10.2974 8.49959 8.54565
0.073129 42.4721 28.3555 27.8827 9.04981 10.2718 8.49959 8.54693
0.073201 42.496 28.354 29.0088 9.04981 10.2475 8.49959 8.54821
0.073272 42.496 28.3494 28.3968 9.04981 10.2206 8.49959 8.54821
0.073349 42.496 28.2683 27.9317 8.95 10.1938 8.49959 8.54565
0.073417 42.4721 28.2316 28.3478 8.95 10.1707 8.49959 8.54693
0.073489 42.496 28.2591 27.9806 8.95 10.1439 8.49959 8.54821
0.073559 42.496 28.1811 27.9562 8.95 10.1195 8.49959 8.54693
0.073636 42.496 28.0939 27.9562 8.84891 10.0914 8.49959 8.54821
0.073706 42.4721 28.1092 28.5682 8.84891 10.0709 8.49959 8.54949
0.073775 42.496 28.126 27.9806 8.84891 10.0453 8.49959 8.54821
0.073844 42.4721 28.0281 27.9072 8.84891 10.021 8.49959 8.54821
0.073921 42.496 28.0495 28.0051 8.74911 9.99286 8.49959 8.54949
0.073991 42.496 27.9669 28.103 8.74911 9.96855 8.49959 8.54821
0.074059 42.4721 27.9485 27.7603 8.74911 9.94424 8.49959 8.55077
0.074129 42.4721 27.9715 27.7848 8.74911 9.91992 8.49959 8.54949
0.074205 42.496 27.921 28.0541 8.6493 9.89177 8.49959 8.54949
0.074273 42.496 27.8108 27.6624 8.6493 9.87002 8.49959 8.54949
0.074343 42.4721 27.8827 27.6869 8.6493 9.84571 8.49959 8.55077
0.074411 42.496 27.7358 27.4176 8.6493 9.82012 8.49959 8.55077
0.074487 42.4721 27.7114 27.6624 8.54949 9.79325 8.49959 8.55077
0.074556 42.496 27.7022 27.491 8.54949 9.76765 8.49959 8.55077
0.074623 42.496 27.6517 27.6379 8.54949 9.7459 8.49959 8.55077
0.074691 42.4721 27.6548 27.3197 8.54949 9.72159 8.49959 8.55077
0.074768 42.4721 27.6548 27.5645 8.44968 9.69856 8.49959 8.55077
0.074836 42.496 27.5752 27.6869 8.44968 9.67168 8.49959 8.55077
0.074903 42.4721 27.5584 27.5645 8.44968 9.64609 8.49959 8.55205
0.074972 42.4721 27.5033 27.4666 8.44968 9.62178 8.49959 8.55333
0.075048 42.496 27.4834 27.3931 8.34988 9.59619 8.49959 8.55205
0.075116 42.496 27.4513 27.3686 8.34988 9.57444 8.49959 8.55205
0.075184 42.496 27.3717 27.5155 8.34988 9.5514 8.49959 8.55333
0.075254 42.4721 27.4115 27.6134 8.34988 9.52325 8.49959 8.55461
0.075330 42.496 27.3227 27.1238 8.24879 9.4951 8.49959 8.55333
0.075401 42.4721 27.2845 26.8546 8.24879 9.47207 8.49959 8.55333
0.075470 42.496 27.2524 27.1238 8.24879 9.4452 8.49959 8.55461
0.075538 42.4721 27.2401 27.0014 8.24879 9.42217 8.49959 8.55333
0.075613 42.496 27.1575 26.8546 8.14898 9.3953 8.49959 8.55461
0.075681 42.496 27.1606 26.928 8.14898 9.37226 8.49959 8.55461
0.075750 42.496 27.1422 27.0994 8.14898 9.34539 8.49959 8.55589
0.075817 42.4721 27.0948 26.8301 8.14898 9.32108 8.49959 8.55589
0.075895 42.4721 27.0626 26.9525 8.04917 9.29677 8.49959 8.55461
0.075962 42.496 27.0121 26.5118 8.04917 9.27246 8.49959 8.55717
0.076030 42.496 26.9739 26.879 8.04917 9.2507 8.49959 8.55717
0.076097 42.496 26.9754 27.1238 8.04917 9.22639 8.49959 8.55845
0.076173 42.496 26.9035 26.9035 7.94937 9.2008 8.49959 8.55589
0.076242 42.496 26.8928 26.6832 7.94937 9.17265 8.49959 8.55717
0.076310 42.4721 26.8377 27.0014 7.94937 9.14833 8.49959 8.55717
0.076377 42.4721 26.7658 26.8056 7.94937 9.12658 8.49959 8.55845
0.076452 42.496 26.7719 26.5363 7.84956 9.09971 8.49959 8.55845
0.076520 42.496 26.6985 26.7811 7.84956 9.07668 8.49959 8.55973
0.076588 42.496 26.7306 26.8546 7.84956 9.05237 8.49959 8.55845
0.076655 42.496 26.6495 26.6587 7.84956 9.02806 8.49959 8.55973
0.076730 42.52 26.6893 26.4384 7.74975 8.99991 8.49959 8.56101
0.076798 42.496 26.6235 26.4139 7.74975 8.97943 8.49959 8.55973
0.076866 42.496 26.5837 26.7077 7.74975 8.9564 8.49959 8.55973
0.076934 42.496 26.5853 26.5363 7.74975 8.93209 8.49959 8.56101
0.077010 42.4721 26.4858 26.2181 7.64994 8.90522 8.49959 8.56229
0.077079 42.496 26.5287 26.4139 7.64994 8.87962 8.49959 8.56357
0.077146 42.496 26.5057 26.6098 7.64994 8.85659 8.49959 8.56229
0.077215 42.496 26.4307 25.8998 7.64994 8.831 8.49959 8.56229
0.077293 42.496 26.3757 26.2181 7.54886 8.80413 8.49959 8.56357
0.077360 42.496 26.342 26.8546 7.54886 8.77982 8.49959 8.56229
0.077427 42.496 26.3282 26.1446 7.54886 8.75422 8.49959 8.56613
0.077495 42.496 26.2686 26.0712 7.54886 8.72991 8.49959 8.56613
0.077570 42.496 26.2349 26.0957 7.44905 8.7056 8.49959 8.56613
0.077638 42.496 26.1508 26.1202 7.44905 8.67873 8.49959 8.56229
0.077706 42.496 26.1324 25.753 7.44905 8.65698 8.49959 8.56741
0.077774 42.496 26.1079 26.0467 7.44905 8.63394 8.49959 8.56613
0.077851 42.496 26.0834 26.1202 7.34924 8.60707 8.49959 8.56741
0.077918 42.496 26.0329 26.1202 7.34924 8.58276 8.49959 8.56869
0.077986 42.496 26.0268 26.2915 7.34924 8.55845 8.49959 8.56613
0.078054 42.496 25.9626 25.704 7.34924 8.53414 8.49959 8.56996
0.078129 42.496 25.9656 26.0712 7.24944 8.50854 8.49959 8.56996
0.078197 42.496 25.9656 25.8019 7.24944 8.48679 8.49959 8.56869
0.078264 42.496 25.8861 25.9978 7.24944 8.4612 8.49959 8.56996
0.078332 42.496 25.8876 26.316 7.24944 8.43817 8.49959 8.56869
0.078407 42.496 25.8463 25.655 7.14963 8.4113 8.49959 8.56996
0.078474 42.496 25.8509 25.6061 7.14963 8.38826 8.49959 8.56996
0.078543 42.496 25.8096 25.7774 7.14963 8.36267 8.49959 8.57252
0.078610 42.496 25.7422 25.5816 7.14963 8.33836 8.49959 8.57252
0.078686 42.496 25.7407 25.8754 13.2494 8.31405 8.49959 8.57252
0.078755 42.52 25.6015 25.2144 13.2494 8.37419 8.49959 8.57124
0.078823 42.496 25.6229 25.2634 13.2494 8.53286 8.49959 8.57124
0.078894 42.52 25.704 25.7774 13.2494 8.74527 8.49959 8.57124
0.078962 42.52 25.5816 25.7285 13.2494 8.96024 8.49959 8.57252
0.079031 42.496 25.6749 26.4384 13.2494 9.16369 8.49959 8.57124
0.079101 42.52 25.6688 25.3368 13.2494 9.34155 8.49959 8.56996
0.079168 42.496 25.7101 26.7077 13.2494 9.5143 8.49959 8.57252
0.079236 42.496 25.7422 25.753 13.2494 9.66145 8.49959 8.56996
0.079303 42.496 25.7683 25.8754 13.2494 9.7958 8.49959 8.57124
0.079373 42.496 25.7851 25.3613 13.2494 9.91353 8.49959 8.57124
